
[69, 72, 75, 78, 80, 79]
[-3, -3, -3, -2, 1]
eq:0 hi:0 inc:1 dec:4
safe

[40, 42, 43, 46, 47, 48, 49, 49]
[-2, -1, -3, -1, -1, -1, 0]
eq:1 hi:0 inc:0 dec:6
safe

[57, 58, 59, 60, 64]
[-1, -1, -1, -4]
eq:0 hi:1 inc:0 dec:3
safe

[29, 32, 35, 37, 43]
[-3, -3, -2, -6]
eq:0 hi:1 inc:0 dec:3
safe

[16, 17, 18, 19, 20, 17, 19, 20]
[-1, -1, -1, -1, 3, -2, -1]
eq:0 hi:0 inc:1 dec:6
safe

[42, 45, 43, 45, 48, 49, 46]
[-3, 2, -2, -3, -1, 3]
eq:0 hi:0 inc:2 dec:4
UNSAFE-----------------

[58, 59, 62, 65, 63, 66, 66]
[-1, -3, -3, 2, -3, 0]
eq:1 hi:0 inc:1 dec:4
UNSAFE-----------------

[28, 31, 34, 31, 35]
[-3, -3, 3, -4]
eq:0 hi:1 inc:1 dec:2
UNSAFE-----------------

[37, 39, 41, 38, 40, 43, 45, 50]
[-2, -2, 3, -2, -3, -2, -5]
eq:0 hi:1 inc:1 dec:5
UNSAFE-----------------

[64, 66, 68, 68, 71]
[-2, -2, 0, -3]
eq:1 hi:0 inc:0 dec:3
safe

[50, 51, 53, 53, 55, 53]
[-1, -2, 0, -2, 2]
eq:1 hi:0 inc:1 dec:3
UNSAFE-----------------

[44, 45, 48, 48, 51, 54, 55, 55]
[-1, -3, 0, -3, -3, -1, 0]
eq:2 hi:0 inc:0 dec:5
UNSAFE-----------------

[20, 22, 22, 23, 25, 29]
[-2, 0, -1, -2, -4]
eq:1 hi:1 inc:0 dec:3
UNSAFE-----------------

[38, 40, 41, 41, 43, 46, 49, 54]
[-2, -1, 0, -2, -3, -3, -5]
eq:1 hi:1 inc:0 dec:5
UNSAFE-----------------

[24, 27, 28, 30, 33, 37, 38, 40]
[-3, -1, -2, -3, -4, -1, -2]
eq:0 hi:1 inc:0 dec:6
safe

[82, 83, 86, 88, 92, 89]
[-1, -3, -2, -4, 3]
eq:0 hi:1 inc:1 dec:3
UNSAFE-----------------

[68, 69, 71, 74, 76, 80, 80]
[-1, -2, -3, -2, -4, 0]
eq:1 hi:1 inc:0 dec:4
UNSAFE-----------------

[3, 6, 9, 13, 16, 20]
[-3, -3, -4, -3, -4]
eq:0 hi:2 inc:0 dec:3
UNSAFE-----------------

[62, 65, 67, 71, 74, 81]
[-3, -2, -4, -3, -7]
eq:0 hi:2 inc:0 dec:3
UNSAFE-----------------

[68, 69, 72, 78, 81]
[-1, -3, -6, -3]
eq:0 hi:1 inc:0 dec:3
safe

[74, 77, 79, 85, 82]
[-3, -2, -6, 3]
eq:0 hi:1 inc:1 dec:2
UNSAFE-----------------

[61, 64, 67, 69, 70, 77, 80, 80]
[-3, -3, -2, -1, -7, -3, 0]
eq:1 hi:1 inc:0 dec:5
UNSAFE-----------------

[46, 48, 53, 56, 58, 61, 65]
[-2, -5, -3, -2, -3, -4]
eq:0 hi:2 inc:0 dec:4
UNSAFE-----------------

[65, 67, 70, 77, 82]
[-2, -3, -7, -5]
eq:0 hi:2 inc:0 dec:2
UNSAFE-----------------

[61, 60, 62, 64, 65, 66, 69]
[1, -2, -2, -1, -1, -3]
eq:0 hi:0 inc:1 dec:5
safe

[13, 11, 14, 15, 18, 15]
[2, -3, -1, -3, 3]
eq:0 hi:0 inc:2 dec:3
UNSAFE-----------------

[57, 56, 59, 62, 65, 66, 69, 69]
[1, -3, -3, -3, -1, -3, 0]
eq:1 hi:0 inc:1 dec:5
UNSAFE-----------------

[45, 44, 46, 47, 48, 49, 52, 56]
[1, -2, -1, -1, -1, -3, -4]
eq:0 hi:1 inc:1 dec:5
UNSAFE-----------------

[38, 36, 39, 42, 45, 52]
[2, -3, -3, -3, -7]
eq:0 hi:1 inc:1 dec:3
UNSAFE-----------------

[69, 67, 69, 66, 69]
[2, -2, 3, -3]
eq:0 hi:0 inc:2 dec:2
UNSAFE-----------------

[89, 86, 84, 87, 84]
[3, 2, -3, 3]
eq:0 hi:0 inc:3 dec:1
safe

[10, 8, 7, 9, 11, 12, 12]
[2, 1, -2, -2, -1, 0]
eq:1 hi:0 inc:2 dec:3
UNSAFE-----------------

[97, 94, 91, 92, 94, 98]
[3, 3, -1, -2, -4]
eq:0 hi:1 inc:2 dec:2
UNSAFE-----------------

[2, 1, 4, 3, 5, 6, 9, 16]
[1, -3, 1, -2, -1, -3, -7]
eq:0 hi:1 inc:2 dec:4
UNSAFE-----------------

[63, 62, 65, 68, 68, 71, 73]
[1, -3, -3, 0, -3, -2]
eq:1 hi:0 inc:1 dec:4
UNSAFE-----------------

[54, 51, 51, 54, 55, 52]
[3, 0, -3, -1, 3]
eq:1 hi:0 inc:2 dec:2
UNSAFE-----------------

[21, 20, 21, 21, 23, 26, 26]
[1, -1, 0, -2, -3, 0]
eq:2 hi:0 inc:1 dec:3
UNSAFE-----------------

[33, 32, 35, 35, 39]
[1, -3, 0, -4]
eq:1 hi:1 inc:1 dec:1
UNSAFE-----------------

[70, 69, 69, 72, 73, 74, 76, 82]
[1, 0, -3, -1, -1, -2, -6]
eq:1 hi:1 inc:1 dec:4
UNSAFE-----------------

[4, 1, 4, 7, 8, 12, 15]
[3, -3, -3, -1, -4, -3]
eq:0 hi:1 inc:1 dec:4
UNSAFE-----------------

[8, 5, 8, 9, 13, 14, 16, 15]
[3, -3, -1, -4, -1, -2, 1]
eq:0 hi:1 inc:2 dec:4
UNSAFE-----------------

[16, 15, 18, 20, 24, 25, 27, 27]
[1, -3, -2, -4, -1, -2, 0]
eq:1 hi:1 inc:1 dec:4
UNSAFE-----------------

[54, 53, 56, 60, 62, 66]
[1, -3, -4, -2, -4]
eq:0 hi:2 inc:1 dec:2
UNSAFE-----------------

[62, 60, 64, 65, 70]
[2, -4, -1, -5]
eq:0 hi:2 inc:1 dec:1
UNSAFE-----------------

[26, 23, 28, 30, 31]
[3, -5, -2, -1]
eq:0 hi:1 inc:1 dec:2
UNSAFE-----------------

[53, 51, 53, 54, 57, 62, 64, 61]
[2, -2, -1, -3, -5, -2, 3]
eq:0 hi:1 inc:2 dec:4
UNSAFE-----------------

[9, 6, 13, 16, 18, 19, 20, 20]
[3, -7, -3, -2, -1, -1, 0]
eq:1 hi:1 inc:1 dec:4
UNSAFE-----------------

[75, 72, 78, 80, 82, 85, 87, 91]
[3, -6, -2, -2, -3, -2, -4]
eq:0 hi:2 inc:1 dec:4
UNSAFE-----------------

[8, 7, 10, 11, 16, 18, 25]
[1, -3, -1, -5, -2, -7]
eq:0 hi:2 inc:1 dec:3
UNSAFE-----------------

[84, 84, 86, 89, 92, 95, 96]
[0, -2, -3, -3, -3, -1]
eq:1 hi:0 inc:0 dec:5
safe

[36, 36, 39, 41, 42, 41]
[0, -3, -2, -1, 1]
eq:1 hi:0 inc:1 dec:3
UNSAFE-----------------

[21, 21, 22, 24, 25, 26, 26]
[0, -1, -2, -1, -1, 0]
eq:2 hi:0 inc:0 dec:4
UNSAFE-----------------

[72, 72, 74, 77, 81]
[0, -2, -3, -4]
eq:1 hi:1 inc:0 dec:2
UNSAFE-----------------

[3, 3, 6, 8, 15]
[0, -3, -2, -7]
eq:1 hi:1 inc:0 dec:2
UNSAFE-----------------

[9, 9, 12, 11, 14]
[0, -3, 1, -3]
eq:1 hi:0 inc:1 dec:2
UNSAFE-----------------

[75, 75, 76, 75, 77, 75]
[0, -1, 1, -2, 2]
eq:1 hi:0 inc:2 dec:2
UNSAFE-----------------

[7, 7, 8, 10, 12, 10, 10]
[0, -1, -2, -2, 2, 0]
eq:2 hi:0 inc:1 dec:3
UNSAFE-----------------

[52, 52, 51, 54, 58]
[0, 1, -3, -4]
eq:1 hi:1 inc:1 dec:1
UNSAFE-----------------

[76, 76, 77, 80, 79, 84]
[0, -1, -3, 1, -5]
eq:1 hi:1 inc:1 dec:2
UNSAFE-----------------

[41, 41, 42, 42, 44, 45]
[0, -1, 0, -2, -1]
eq:2 hi:0 inc:0 dec:3
UNSAFE-----------------

[85, 85, 87, 87, 90, 89]
[0, -2, 0, -3, 1]
eq:2 hi:0 inc:1 dec:2
UNSAFE-----------------

[4, 4, 7, 9, 9, 9]
[0, -3, -2, 0, 0]
eq:3 hi:0 inc:0 dec:2
UNSAFE-----------------

[23, 23, 24, 27, 30, 31, 31, 35]
[0, -1, -3, -3, -1, 0, -4]
eq:2 hi:1 inc:0 dec:4
UNSAFE-----------------

[48, 48, 51, 51, 56]
[0, -3, 0, -5]
eq:2 hi:1 inc:0 dec:1
UNSAFE-----------------

[1, 1, 3, 7, 10, 13, 16, 19]
[0, -2, -4, -3, -3, -3, -3]
eq:1 hi:1 inc:0 dec:5
UNSAFE-----------------

[19, 19, 21, 25, 26, 28, 29, 26]
[0, -2, -4, -1, -2, -1, 3]
eq:1 hi:1 inc:1 dec:4
UNSAFE-----------------

[73, 73, 75, 76, 80, 80]
[0, -2, -1, -4, 0]
eq:2 hi:1 inc:0 dec:2
UNSAFE-----------------

[40, 40, 44, 47, 51]
[0, -4, -3, -4]
eq:1 hi:2 inc:0 dec:1
UNSAFE-----------------

[74, 74, 78, 81, 84, 87, 93]
[0, -4, -3, -3, -3, -6]
eq:1 hi:2 inc:0 dec:3
UNSAFE-----------------

[9, 9, 11, 12, 15, 22, 25]
[0, -2, -1, -3, -7, -3]
eq:1 hi:1 inc:0 dec:4
UNSAFE-----------------

[1, 1, 3, 10, 11, 14, 16, 15]
[0, -2, -7, -1, -3, -2, 1]
eq:1 hi:1 inc:1 dec:4
UNSAFE-----------------

[50, 50, 52, 58, 60, 60]
[0, -2, -6, -2, 0]
eq:2 hi:1 inc:0 dec:2
UNSAFE-----------------

[59, 59, 60, 65, 69]
[0, -1, -5, -4]
eq:1 hi:2 inc:0 dec:1
UNSAFE-----------------

[34, 34, 40, 42, 47]
[0, -6, -2, -5]
eq:1 hi:2 inc:0 dec:1
UNSAFE-----------------

[30, 34, 36, 39, 42]
[-4, -2, -3, -3]
eq:0 hi:1 inc:0 dec:3
safe

[2, 6, 7, 9, 12, 13, 10]
[-4, -1, -2, -3, -1, 3]
eq:0 hi:1 inc:1 dec:4
UNSAFE-----------------

[15, 19, 21, 23, 24, 24]
[-4, -2, -2, -1, 0]
eq:1 hi:1 inc:0 dec:3
UNSAFE-----------------

[30, 34, 35, 38, 41, 44, 46, 50]
[-4, -1, -3, -3, -3, -2, -4]
eq:0 hi:2 inc:0 dec:5
UNSAFE-----------------

[47, 51, 52, 55, 60]
[-4, -1, -3, -5]
eq:0 hi:2 inc:0 dec:2
UNSAFE-----------------

[90, 94, 92, 94, 97]
[-4, 2, -2, -3]
eq:0 hi:1 inc:1 dec:2
UNSAFE-----------------

[68, 72, 70, 72, 75, 77, 80, 79]
[-4, 2, -2, -3, -2, -3, 1]
eq:0 hi:1 inc:2 dec:4
UNSAFE-----------------

[53, 57, 59, 60, 57, 59, 60, 60]
[-4, -2, -1, 3, -2, -1, 0]
eq:1 hi:1 inc:1 dec:4
UNSAFE-----------------

[88, 92, 95, 96, 93, 97]
[-4, -3, -1, 3, -4]
eq:0 hi:2 inc:1 dec:2
UNSAFE-----------------

[26, 30, 31, 29, 36]
[-4, -1, 2, -7]
eq:0 hi:2 inc:1 dec:1
UNSAFE-----------------

[82, 86, 87, 88, 88, 90, 92, 94]
[-4, -1, -1, 0, -2, -2, -2]
eq:1 hi:1 inc:0 dec:5
UNSAFE-----------------

[71, 75, 76, 79, 79, 80, 82, 79]
[-4, -1, -3, 0, -1, -2, 3]
eq:1 hi:1 inc:1 dec:4
UNSAFE-----------------

[42, 46, 46, 49, 50, 51, 54, 54]
[-4, 0, -3, -1, -1, -3, 0]
eq:2 hi:1 inc:0 dec:4
UNSAFE-----------------

[14, 18, 18, 19, 20, 24]
[-4, 0, -1, -1, -4]
eq:1 hi:2 inc:0 dec:2
UNSAFE-----------------

[75, 79, 80, 80, 81, 87]
[-4, -1, 0, -1, -6]
eq:1 hi:2 inc:0 dec:2
UNSAFE-----------------

[61, 65, 69, 71, 74, 76]
[-4, -4, -2, -3, -2]
eq:0 hi:2 inc:0 dec:3
UNSAFE-----------------

[69, 73, 75, 78, 80, 84, 85, 83]
[-4, -2, -3, -2, -4, -1, 2]
eq:0 hi:2 inc:1 dec:4
UNSAFE-----------------

[34, 38, 42, 43, 46, 47, 47]
[-4, -4, -1, -3, -1, 0]
eq:1 hi:2 inc:0 dec:3
UNSAFE-----------------

[35, 39, 41, 43, 47, 51]
[-4, -2, -2, -4, -4]
eq:0 hi:3 inc:0 dec:2
UNSAFE-----------------

[2, 6, 7, 10, 14, 20]
[-4, -1, -3, -4, -6]
eq:0 hi:3 inc:0 dec:2
UNSAFE-----------------

[17, 21, 24, 30, 31, 34, 36, 38]
[-4, -3, -6, -1, -3, -2, -2]
eq:0 hi:2 inc:0 dec:5
UNSAFE-----------------

[12, 16, 21, 23, 24, 23]
[-4, -5, -2, -1, 1]
eq:0 hi:2 inc:1 dec:2
UNSAFE-----------------

[87, 91, 93, 99, 99]
[-4, -2, -6, 0]
eq:1 hi:2 inc:0 dec:1
UNSAFE-----------------

[22, 26, 32, 35, 36, 37, 39, 43]
[-4, -6, -3, -1, -1, -2, -4]
eq:0 hi:3 inc:0 dec:4
UNSAFE-----------------

[46, 50, 57, 59, 62, 65, 67, 73]
[-4, -7, -2, -3, -3, -2, -6]
eq:0 hi:3 inc:0 dec:4
UNSAFE-----------------

[46, 52, 54, 55, 56]
[-6, -2, -1, -1]
eq:0 hi:1 inc:0 dec:3
safe

[27, 33, 35, 38, 40, 43, 46, 45]
[-6, -2, -3, -2, -3, -3, 1]
eq:0 hi:1 inc:1 dec:5
UNSAFE-----------------

[17, 24, 25, 27, 27]
[-7, -1, -2, 0]
eq:1 hi:1 inc:0 dec:2
UNSAFE-----------------

[19, 24, 25, 28, 30, 32, 36]
[-5, -1, -3, -2, -2, -4]
eq:0 hi:2 inc:0 dec:4
UNSAFE-----------------

[36, 42, 45, 47, 54]
[-6, -3, -2, -7]
eq:0 hi:2 inc:0 dec:2
UNSAFE-----------------

[35, 42, 43, 44, 42, 45, 47]
[-7, -1, -1, 2, -3, -2]
eq:0 hi:1 inc:1 dec:4
UNSAFE-----------------

[50, 56, 58, 55, 52]
[-6, -2, 3, 3]
eq:0 hi:1 inc:2 dec:1
UNSAFE-----------------

[32, 37, 38, 35, 38, 38]
[-5, -1, 3, -3, 0]
eq:1 hi:1 inc:1 dec:2
UNSAFE-----------------

[49, 54, 57, 54, 56, 58, 60, 64]
[-5, -3, 3, -2, -2, -2, -4]
eq:0 hi:2 inc:1 dec:4
UNSAFE-----------------

[53, 58, 57, 58, 61, 64, 71]
[-5, 1, -1, -3, -3, -7]
eq:0 hi:2 inc:1 dec:3
UNSAFE-----------------

[74, 80, 80, 83, 86, 87, 90, 92]
[-6, 0, -3, -3, -1, -3, -2]
eq:1 hi:1 inc:0 dec:5
UNSAFE-----------------

[36, 42, 43, 45, 45, 48, 49, 48]
[-6, -1, -2, 0, -3, -1, 1]
eq:1 hi:1 inc:1 dec:4
UNSAFE-----------------

[82, 87, 87, 89, 89]
[-5, 0, -2, 0]
eq:2 hi:1 inc:0 dec:1
UNSAFE-----------------

[31, 38, 41, 41, 43, 45, 46, 50]
[-7, -3, 0, -2, -2, -1, -4]
eq:1 hi:2 inc:0 dec:4
UNSAFE-----------------

[40, 47, 49, 50, 50, 51, 58]
[-7, -2, -1, 0, -1, -7]
eq:1 hi:2 inc:0 dec:3
UNSAFE-----------------

[59, 64, 68, 69, 71, 73, 74, 76]
[-5, -4, -1, -2, -2, -1, -2]
eq:0 hi:2 inc:0 dec:5
UNSAFE-----------------

[59, 66, 69, 73, 71]
[-7, -3, -4, 2]
eq:0 hi:2 inc:1 dec:1
UNSAFE-----------------

[75, 81, 84, 88, 90, 92, 92]
[-6, -3, -4, -2, -2, 0]
eq:1 hi:2 inc:0 dec:3
UNSAFE-----------------

[13, 19, 21, 24, 27, 31, 32, 36]
[-6, -2, -3, -3, -4, -1, -4]
eq:0 hi:3 inc:0 dec:4
UNSAFE-----------------

[23, 30, 32, 35, 39, 45]
[-7, -2, -3, -4, -6]
eq:0 hi:3 inc:0 dec:2
UNSAFE-----------------

[16, 22, 25, 27, 29, 31, 36, 38]
[-6, -3, -2, -2, -2, -5, -2]
eq:0 hi:2 inc:0 dec:5
UNSAFE-----------------

[3, 10, 12, 13, 19, 21, 23, 22]
[-7, -2, -1, -6, -2, -2, 1]
eq:0 hi:2 inc:1 dec:4
UNSAFE-----------------

[4, 10, 11, 14, 16, 22, 22]
[-6, -1, -3, -2, -6, 0]
eq:1 hi:2 inc:0 dec:3
UNSAFE-----------------

[4, 11, 14, 16, 23, 25, 29]
[-7, -3, -2, -7, -2, -4]
eq:0 hi:3 inc:0 dec:3
UNSAFE-----------------

[3, 8, 9, 10, 16, 21]
[-5, -1, -1, -6, -5]
eq:0 hi:3 inc:0 dec:2
UNSAFE-----------------

[64, 63, 60, 57, 55, 57]
[1, 3, 3, 2, -2]
eq:0 hi:0 inc:4 dec:1
safe

[81, 80, 77, 75, 74, 74]
[1, 3, 2, 1, 0]
eq:1 hi:0 inc:4 dec:0
safe

[34, 33, 31, 30, 28, 24]
[1, 2, 1, 2, 4]
eq:0 hi:1 inc:4 dec:0
safe

[23, 21, 20, 19, 16, 13, 10, 4]
[2, 1, 1, 3, 3, 3, 6]
eq:0 hi:1 inc:6 dec:0
safe

[56, 54, 51, 52, 49]
[2, 3, -1, 3]
eq:0 hi:0 inc:3 dec:1
safe

[44, 43, 41, 38, 35, 37, 35, 37]
[1, 2, 3, 3, -2, 2, -2]
eq:0 hi:0 inc:5 dec:2
UNSAFE-----------------

[82, 81, 84, 81, 79, 79]
[1, -3, 3, 2, 0]
eq:1 hi:0 inc:3 dec:1
UNSAFE-----------------

[77, 75, 74, 77, 74, 70]
[2, 1, -3, 3, 4]
eq:0 hi:1 inc:3 dec:1
UNSAFE-----------------

[12, 11, 13, 10, 7, 2]
[1, -2, 3, 3, 5]
eq:0 hi:1 inc:3 dec:1
UNSAFE-----------------

[32, 31, 28, 28, 25, 23, 20]
[1, 3, 0, 3, 2, 3]
eq:1 hi:0 inc:5 dec:0
safe

[6, 3, 2, 2, 1, 3]
[3, 1, 0, 1, -2]
eq:1 hi:0 inc:3 dec:1
UNSAFE-----------------

[77, 76, 73, 71, 68, 68, 68]
[1, 3, 2, 3, 0, 0]
eq:2 hi:0 inc:4 dec:0
UNSAFE-----------------

[25, 22, 19, 17, 15, 15, 13, 9]
[3, 3, 2, 2, 0, 2, 4]
eq:1 hi:1 inc:5 dec:0
UNSAFE-----------------

[87, 85, 84, 84, 83, 78]
[2, 1, 0, 1, 5]
eq:1 hi:1 inc:3 dec:0
UNSAFE-----------------

[42, 39, 37, 33, 32, 30]
[3, 2, 4, 1, 2]
eq:0 hi:1 inc:4 dec:0
safe

[88, 87, 86, 83, 81, 77, 75, 76]
[1, 1, 3, 2, 4, 2, -1]
eq:0 hi:1 inc:5 dec:1
UNSAFE-----------------

[15, 12, 8, 6, 4, 4]
[3, 4, 2, 2, 0]
eq:1 hi:1 inc:3 dec:0
UNSAFE-----------------

[96, 94, 92, 88, 86, 84, 80]
[2, 2, 4, 2, 2, 4]
eq:0 hi:2 inc:4 dec:0
UNSAFE-----------------

[84, 81, 78, 76, 72, 69, 67, 62]
[3, 3, 2, 4, 3, 2, 5]
eq:0 hi:2 inc:5 dec:0
UNSAFE-----------------

[51, 50, 49, 46, 44, 38, 37]
[1, 1, 3, 2, 6, 1]
eq:0 hi:1 inc:5 dec:0
safe

[54, 53, 52, 49, 43, 42, 41, 43]
[1, 1, 3, 6, 1, 1, -2]
eq:0 hi:1 inc:5 dec:1
UNSAFE-----------------

[99, 97, 92, 90, 89, 86, 86]
[2, 5, 2, 1, 3, 0]
eq:1 hi:1 inc:4 dec:0
UNSAFE-----------------

[97, 95, 88, 85, 81]
[2, 7, 3, 4]
eq:0 hi:2 inc:2 dec:0
UNSAFE-----------------

[35, 32, 30, 25, 22, 19, 14]
[3, 2, 5, 3, 3, 5]
eq:0 hi:2 inc:4 dec:0
UNSAFE-----------------

[73, 76, 75, 74, 73, 71, 68, 65]
[-3, 1, 1, 1, 2, 3, 3]
eq:0 hi:0 inc:6 dec:1
safe

[79, 81, 80, 79, 78, 77, 76, 78]
[-2, 1, 1, 1, 1, 1, -2]
eq:0 hi:0 inc:5 dec:2
UNSAFE-----------------

[5, 8, 6, 4, 1, 1]
[-3, 2, 2, 3, 0]
eq:1 hi:0 inc:3 dec:1
UNSAFE-----------------

[84, 87, 86, 83, 82, 81, 77]
[-3, 1, 3, 1, 1, 4]
eq:0 hi:1 inc:4 dec:1
UNSAFE-----------------

[21, 23, 20, 18, 16, 15, 8]
[-2, 3, 2, 2, 1, 7]
eq:0 hi:1 inc:4 dec:1
UNSAFE-----------------

[13, 14, 16, 15, 14, 12, 11, 9]
[-1, -2, 1, 1, 2, 1, 2]
eq:0 hi:0 inc:5 dec:2
UNSAFE-----------------

[29, 30, 29, 31, 34]
[-1, 1, -2, -3]
eq:0 hi:0 inc:1 dec:3
safe

[58, 60, 63, 62, 59, 58, 57, 57]
[-2, -3, 1, 3, 1, 1, 0]
eq:1 hi:0 inc:4 dec:2
UNSAFE-----------------

[30, 32, 33, 32, 28]
[-2, -1, 1, 4]
eq:0 hi:1 inc:1 dec:2
UNSAFE-----------------

[86, 87, 85, 88, 85, 84, 77]
[-1, 2, -3, 3, 1, 7]
eq:0 hi:1 inc:3 dec:2
UNSAFE-----------------

[36, 37, 37, 36, 35, 32, 31, 30]
[-1, 0, 1, 1, 3, 1, 1]
eq:1 hi:0 inc:5 dec:1
UNSAFE-----------------

[4, 6, 6, 3, 6]
[-2, 0, 3, -3]
eq:1 hi:0 inc:1 dec:2
UNSAFE-----------------

[27, 29, 29, 26, 26]
[-2, 0, 3, 0]
eq:2 hi:0 inc:1 dec:1
UNSAFE-----------------

[65, 67, 66, 66, 64, 60]
[-2, 1, 0, 2, 4]
eq:1 hi:1 inc:2 dec:1
UNSAFE-----------------

[90, 91, 89, 89, 83]
[-1, 2, 0, 6]
eq:1 hi:1 inc:1 dec:1
UNSAFE-----------------

[74, 76, 72, 71, 68, 66]
[-2, 4, 1, 3, 2]
eq:0 hi:1 inc:3 dec:1
UNSAFE-----------------

[74, 76, 74, 73, 69, 68, 70]
[-2, 2, 1, 4, 1, -2]
eq:0 hi:1 inc:3 dec:2
UNSAFE-----------------

[23, 25, 24, 22, 18, 18]
[-2, 1, 2, 4, 0]
eq:1 hi:1 inc:2 dec:1
UNSAFE-----------------

[59, 61, 57, 55, 53, 51, 47]
[-2, 4, 2, 2, 2, 4]
eq:0 hi:2 inc:3 dec:1
UNSAFE-----------------

[87, 88, 87, 83, 82, 81, 80, 74]
[-1, 1, 4, 1, 1, 1, 6]
eq:0 hi:2 inc:4 dec:1
UNSAFE-----------------

[55, 58, 57, 54, 51, 50, 44, 42]
[-3, 1, 3, 3, 1, 6, 2]
eq:0 hi:1 inc:5 dec:1
UNSAFE-----------------

[92, 95, 92, 91, 90, 87, 80, 83]
[-3, 3, 1, 1, 3, 7, -3]
eq:0 hi:1 inc:4 dec:2
UNSAFE-----------------

[69, 70, 64, 63, 61, 58, 58]
[-1, 6, 1, 2, 3, 0]
eq:1 hi:1 inc:3 dec:1
UNSAFE-----------------

[34, 37, 36, 33, 32, 26, 24, 20]
[-3, 1, 3, 1, 6, 2, 4]
eq:0 hi:2 inc:4 dec:1
UNSAFE-----------------

[36, 37, 35, 34, 31, 24, 21, 16]
[-1, 2, 1, 3, 7, 3, 5]
eq:0 hi:2 inc:4 dec:1
UNSAFE-----------------

[27, 27, 26, 25, 24]
[0, 1, 1, 1]
eq:1 hi:0 inc:3 dec:0
safe

[41, 41, 38, 35, 34, 35]
[0, 3, 3, 1, -1]
eq:1 hi:0 inc:3 dec:1
UNSAFE-----------------

[31, 31, 28, 27, 27]
[0, 3, 1, 0]
eq:2 hi:0 inc:2 dec:0
UNSAFE-----------------

[37, 37, 36, 34, 31, 28, 24]
[0, 1, 2, 3, 3, 4]
eq:1 hi:1 inc:4 dec:0
UNSAFE-----------------

[49, 49, 47, 46, 43, 41, 38, 33]
[0, 2, 1, 3, 2, 3, 5]
eq:1 hi:1 inc:5 dec:0
UNSAFE-----------------

[63, 63, 62, 59, 62, 59, 58]
[0, 1, 3, -3, 3, 1]
eq:1 hi:0 inc:4 dec:1
UNSAFE-----------------

[9, 9, 11, 10, 13]
[0, -2, 1, -3]
eq:1 hi:0 inc:1 dec:2
UNSAFE-----------------

[23, 23, 21, 19, 22, 21, 21]
[0, 2, 2, -3, 1, 0]
eq:2 hi:0 inc:3 dec:1
UNSAFE-----------------

[37, 37, 40, 39, 35]
[0, -3, 1, 4]
eq:1 hi:1 inc:1 dec:1
UNSAFE-----------------

[13, 13, 10, 11, 5]
[0, 3, -1, 6]
eq:1 hi:1 inc:1 dec:1
UNSAFE-----------------

[78, 78, 78, 75, 72, 71, 70]
[0, 0, 3, 3, 1, 1]
eq:2 hi:0 inc:4 dec:0
UNSAFE-----------------

[73, 73, 73, 70, 71]
[0, 0, 3, -1]
eq:2 hi:0 inc:1 dec:1
UNSAFE-----------------

[10, 10, 8, 5, 5, 4, 4]
[0, 2, 3, 0, 1, 0]
eq:3 hi:0 inc:3 dec:0
UNSAFE-----------------

[22, 22, 21, 21, 20, 16]
[0, 1, 0, 1, 4]
eq:2 hi:1 inc:2 dec:0
UNSAFE-----------------

[96, 96, 96, 95, 89]
[0, 0, 1, 6]
eq:2 hi:1 inc:1 dec:0
UNSAFE-----------------

[41, 41, 40, 36, 33, 32, 29, 28]
[0, 1, 4, 3, 1, 3, 1]
eq:1 hi:1 inc:5 dec:0
UNSAFE-----------------

[57, 57, 53, 51, 54]
[0, 4, 2, -3]
eq:1 hi:1 inc:1 dec:1
UNSAFE-----------------

[58, 58, 57, 56, 55, 51, 51]
[0, 1, 1, 1, 4, 0]
eq:2 hi:1 inc:3 dec:0
UNSAFE-----------------

[46, 46, 42, 39, 35]
[0, 4, 3, 4]
eq:1 hi:2 inc:1 dec:0
UNSAFE-----------------

[21, 21, 18, 14, 12, 11, 5]
[0, 3, 4, 2, 1, 6]
eq:1 hi:2 inc:3 dec:0
UNSAFE-----------------

[40, 40, 38, 36, 29, 27, 25]
[0, 2, 2, 7, 2, 2]
eq:1 hi:1 inc:4 dec:0
UNSAFE-----------------

[97, 97, 94, 89, 91]
[0, 3, 5, -2]
eq:1 hi:1 inc:1 dec:1
UNSAFE-----------------

[36, 36, 34, 29, 27, 25, 22, 22]
[0, 2, 5, 2, 2, 3, 0]
eq:2 hi:1 inc:4 dec:0
UNSAFE-----------------

[87, 87, 84, 79, 75]
[0, 3, 5, 4]
eq:1 hi:2 inc:1 dec:0
UNSAFE-----------------

[35, 35, 32, 26, 24, 21, 16]
[0, 3, 6, 2, 3, 5]
eq:1 hi:2 inc:3 dec:0
UNSAFE-----------------

[52, 48, 45, 42, 40, 37]
[4, 3, 3, 2, 3]
eq:0 hi:1 inc:4 dec:0
safe

[49, 45, 42, 40, 42]
[4, 3, 2, -2]
eq:0 hi:1 inc:2 dec:1
UNSAFE-----------------

[95, 91, 88, 86, 86]
[4, 3, 2, 0]
eq:1 hi:1 inc:2 dec:0
UNSAFE-----------------

[88, 84, 82, 81, 80, 78, 75, 71]
[4, 2, 1, 1, 2, 3, 4]
eq:0 hi:2 inc:5 dec:0
UNSAFE-----------------

[83, 79, 78, 76, 70]
[4, 1, 2, 6]
eq:0 hi:2 inc:2 dec:0
UNSAFE-----------------

[17, 13, 11, 10, 9, 10, 7]
[4, 2, 1, 1, -1, 3]
eq:0 hi:1 inc:4 dec:1
UNSAFE-----------------

[45, 41, 43, 41, 42]
[4, -2, 2, -1]
eq:0 hi:1 inc:1 dec:2
UNSAFE-----------------

[97, 93, 90, 89, 92, 89, 89]
[4, 3, 1, -3, 3, 0]
eq:1 hi:1 inc:3 dec:1
UNSAFE-----------------

[17, 13, 15, 14, 12, 8]
[4, -2, 1, 2, 4]
eq:0 hi:2 inc:2 dec:1
UNSAFE-----------------

[36, 32, 29, 27, 29, 27, 22]
[4, 3, 2, -2, 2, 5]
eq:0 hi:2 inc:3 dec:1
UNSAFE-----------------

[50, 46, 45, 44, 41, 41, 40, 39]
[4, 1, 1, 3, 0, 1, 1]
eq:1 hi:1 inc:5 dec:0
UNSAFE-----------------

[93, 89, 87, 84, 84, 87]
[4, 2, 3, 0, -3]
eq:1 hi:1 inc:2 dec:1
UNSAFE-----------------

[23, 19, 17, 16, 16, 16]
[4, 2, 1, 0, 0]
eq:2 hi:1 inc:2 dec:0
UNSAFE-----------------

[29, 25, 24, 22, 22, 20, 18, 14]
[4, 1, 2, 0, 2, 2, 4]
eq:1 hi:2 inc:4 dec:0
UNSAFE-----------------

[14, 10, 9, 9, 8, 3]
[4, 1, 0, 1, 5]
eq:1 hi:2 inc:2 dec:0
UNSAFE-----------------

[20, 16, 13, 9, 6]
[4, 3, 4, 3]
eq:0 hi:2 inc:2 dec:0
UNSAFE-----------------

[22, 18, 16, 13, 9, 11]
[4, 2, 3, 4, -2]
eq:0 hi:2 inc:2 dec:1
UNSAFE-----------------

[73, 69, 66, 62, 62]
[4, 3, 4, 0]
eq:1 hi:2 inc:1 dec:0
UNSAFE-----------------

[16, 12, 8, 5, 1]
[4, 4, 3, 4]
eq:0 hi:3 inc:1 dec:0
UNSAFE-----------------

[58, 54, 50, 47, 45, 40]
[4, 4, 3, 2, 5]
eq:0 hi:3 inc:2 dec:0
UNSAFE-----------------

[46, 42, 40, 33, 30]
[4, 2, 7, 3]
eq:0 hi:2 inc:2 dec:0
UNSAFE-----------------

[65, 61, 54, 51, 54]
[4, 7, 3, -3]
eq:0 hi:2 inc:1 dec:1
UNSAFE-----------------

[25, 21, 20, 19, 17, 15, 9, 9]
[4, 1, 1, 2, 2, 6, 0]
eq:1 hi:2 inc:4 dec:0
UNSAFE-----------------

[38, 34, 31, 25, 24, 20]
[4, 3, 6, 1, 4]
eq:0 hi:3 inc:2 dec:0
UNSAFE-----------------

[71, 67, 66, 64, 58, 56, 51]
[4, 1, 2, 6, 2, 5]
eq:0 hi:3 inc:3 dec:0
UNSAFE-----------------

[78, 73, 70, 69, 68, 65]
[5, 3, 1, 1, 3]
eq:0 hi:1 inc:4 dec:0
safe

[32, 26, 24, 22, 21, 19, 22]
[6, 2, 2, 1, 2, -3]
eq:0 hi:1 inc:4 dec:1
UNSAFE-----------------

[92, 86, 84, 83, 81, 78, 78]
[6, 2, 1, 2, 3, 0]
eq:1 hi:1 inc:4 dec:0
UNSAFE-----------------

[67, 62, 59, 56, 53, 49]
[5, 3, 3, 3, 4]
eq:0 hi:2 inc:3 dec:0
UNSAFE-----------------

[64, 58, 56, 55, 54, 52, 51, 46]
[6, 2, 1, 1, 2, 1, 5]
eq:0 hi:2 inc:5 dec:0
UNSAFE-----------------

[82, 76, 74, 72, 74, 71, 69, 66]
[6, 2, 2, -2, 3, 2, 3]
eq:0 hi:1 inc:5 dec:1
UNSAFE-----------------

[37, 32, 30, 32, 29, 32]
[5, 2, -2, 3, -3]
eq:0 hi:1 inc:2 dec:2
UNSAFE-----------------

[65, 58, 57, 59, 56, 55, 52, 52]
[7, 1, -2, 3, 1, 3, 0]
eq:1 hi:1 inc:4 dec:1
UNSAFE-----------------

[94, 87, 84, 87, 83]
[7, 3, -3, 4]
eq:0 hi:2 inc:1 dec:1
UNSAFE-----------------

[54, 47, 49, 48, 45, 39]
[7, -2, 1, 3, 6]
eq:0 hi:2 inc:2 dec:1
UNSAFE-----------------

[74, 68, 65, 62, 62, 60, 59]
[6, 3, 3, 0, 2, 1]
eq:1 hi:1 inc:4 dec:0
UNSAFE-----------------

[53, 47, 44, 43, 43, 46]
[6, 3, 1, 0, -3]
eq:1 hi:1 inc:2 dec:1
UNSAFE-----------------

[96, 89, 86, 86, 85, 85]
[7, 3, 0, 1, 0]
eq:2 hi:1 inc:2 dec:0
UNSAFE-----------------

[62, 55, 53, 52, 52, 51, 47]
[7, 2, 1, 0, 1, 4]
eq:1 hi:2 inc:3 dec:0
UNSAFE-----------------

[34, 28, 28, 25, 20]
[6, 0, 3, 5]
eq:1 hi:2 inc:1 dec:0
UNSAFE-----------------

[25, 20, 16, 13, 11, 9]
[5, 4, 3, 2, 2]
eq:0 hi:2 inc:3 dec:0
UNSAFE-----------------

[58, 52, 49, 45, 42, 39, 40]
[6, 3, 4, 3, 3, -1]
eq:0 hi:2 inc:3 dec:1
UNSAFE-----------------

[56, 49, 45, 43, 40, 37, 37]
[7, 4, 2, 3, 3, 0]
eq:1 hi:2 inc:3 dec:0
UNSAFE-----------------

[32, 26, 22, 20, 16]
[6, 4, 2, 4]
eq:0 hi:3 inc:1 dec:0
UNSAFE-----------------

[94, 88, 84, 82, 75]
[6, 4, 2, 7]
eq:0 hi:3 inc:1 dec:0
UNSAFE-----------------

[65, 59, 58, 52, 50, 49, 47]
[6, 1, 6, 2, 1, 2]
eq:0 hi:2 inc:4 dec:0
UNSAFE-----------------

[68, 61, 55, 53, 55]
[7, 6, 2, -2]
eq:0 hi:2 inc:1 dec:1
UNSAFE-----------------

[53, 47, 45, 40, 40]
[6, 2, 5, 0]
eq:1 hi:2 inc:1 dec:0
UNSAFE-----------------

[73, 66, 61, 59, 57, 53]
[7, 5, 2, 2, 4]
eq:0 hi:3 inc:2 dec:0
UNSAFE-----------------

[66, 60, 57, 56, 51, 46]
[6, 3, 1, 5, 5]
eq:0 hi:3 inc:2 dec:0
UNSAFE-----------------

[32, 34, 37, 38, 40, 43, 44, 42]
[-2, -3, -1, -2, -3, -1, 2]
eq:0 hi:0 inc:1 dec:6
safe

[9, 11, 14, 17, 19, 20, 20]
[-2, -3, -3, -2, -1, 0]
eq:1 hi:0 inc:0 dec:5
safe

[18, 19, 21, 24, 26, 27, 30, 34]
[-1, -2, -3, -2, -1, -3, -4]
eq:0 hi:1 inc:0 dec:6
safe

[68, 71, 73, 75, 77, 79, 80, 85]
[-3, -2, -2, -2, -2, -1, -5]
eq:0 hi:1 inc:0 dec:6
safe

[75, 76, 79, 81, 80, 81, 84]
[-1, -3, -2, 1, -1, -3]
eq:0 hi:0 inc:1 dec:5
safe

[40, 43, 44, 41, 40]
[-3, -1, 3, 1]
eq:0 hi:0 inc:2 dec:2
UNSAFE-----------------

[17, 20, 23, 25, 22, 23, 23]
[-3, -3, -2, 3, -1, 0]
eq:1 hi:0 inc:1 dec:4
UNSAFE-----------------

[89, 91, 94, 93, 97]
[-2, -3, 1, -4]
eq:0 hi:1 inc:1 dec:2
UNSAFE-----------------

[20, 23, 26, 25, 28, 30, 37]
[-3, -3, 1, -3, -2, -7]
eq:0 hi:1 inc:1 dec:4
UNSAFE-----------------

[28, 30, 30, 31, 32, 33]
[-2, 0, -1, -1, -1]
eq:1 hi:0 inc:0 dec:4
safe

[23, 25, 25, 26, 25]
[-2, 0, -1, 1]
eq:1 hi:0 inc:1 dec:2
UNSAFE-----------------

[70, 73, 75, 76, 78, 78, 81, 81]
[-3, -2, -1, -2, 0, -3, 0]
eq:2 hi:0 inc:0 dec:5
UNSAFE-----------------

[18, 19, 19, 21, 22, 23, 27]
[-1, 0, -2, -1, -1, -4]
eq:1 hi:1 inc:0 dec:4
UNSAFE-----------------

[78, 80, 82, 83, 86, 86, 91]
[-2, -2, -1, -3, 0, -5]
eq:1 hi:1 inc:0 dec:4
UNSAFE-----------------

[7, 10, 11, 12, 14, 18, 19]
[-3, -1, -1, -2, -4, -1]
eq:0 hi:1 inc:0 dec:5
safe

[92, 93, 97, 98, 95]
[-1, -4, -1, 3]
eq:0 hi:1 inc:1 dec:2
UNSAFE-----------------

[33, 36, 40, 41, 41]
[-3, -4, -1, 0]
eq:1 hi:1 inc:0 dec:2
UNSAFE-----------------

[77, 78, 79, 83, 87]
[-1, -1, -4, -4]
eq:0 hi:2 inc:0 dec:2
UNSAFE-----------------

[49, 50, 54, 57, 60, 63, 65, 72]
[-1, -4, -3, -3, -3, -2, -7]
eq:0 hi:2 inc:0 dec:5
UNSAFE-----------------

[75, 78, 79, 80, 83, 90, 92]
[-3, -1, -1, -3, -7, -2]
eq:0 hi:1 inc:0 dec:5
safe

[82, 84, 85, 92, 94, 91]
[-2, -1, -7, -2, 3]
eq:0 hi:1 inc:1 dec:3
UNSAFE-----------------

[47, 50, 53, 55, 61, 63, 63]
[-3, -3, -2, -6, -2, 0]
eq:1 hi:1 inc:0 dec:4
UNSAFE-----------------

[47, 48, 49, 50, 56, 59, 63]
[-1, -1, -1, -6, -3, -4]
eq:0 hi:2 inc:0 dec:4
UNSAFE-----------------

[23, 24, 26, 28, 31, 36, 41]
[-1, -2, -2, -3, -5, -5]
eq:0 hi:2 inc:0 dec:4
UNSAFE-----------------

[28, 26, 27, 28, 31]
[2, -1, -1, -3]
eq:0 hi:0 inc:1 dec:3
safe

[5, 2, 5, 6, 3]
[3, -3, -1, 3]
eq:0 hi:0 inc:2 dec:2
UNSAFE-----------------

[82, 81, 83, 85, 87, 88, 91, 91]
[1, -2, -2, -2, -1, -3, 0]
eq:1 hi:0 inc:1 dec:5
UNSAFE-----------------

[30, 28, 29, 31, 32, 36]
[2, -1, -2, -1, -4]
eq:0 hi:1 inc:1 dec:3
UNSAFE-----------------

[39, 37, 38, 40, 42, 45, 51]
[2, -1, -2, -2, -3, -6]
eq:0 hi:1 inc:1 dec:4
UNSAFE-----------------

[16, 14, 13, 16, 19]
[2, 1, -3, -3]
eq:0 hi:0 inc:2 dec:2
UNSAFE-----------------

[40, 37, 38, 40, 39, 41, 39]
[3, -1, -2, 1, -2, 2]
eq:0 hi:0 inc:3 dec:3
UNSAFE-----------------

[62, 59, 62, 64, 62, 62]
[3, -3, -2, 2, 0]
eq:1 hi:0 inc:2 dec:2
UNSAFE-----------------

[72, 70, 71, 68, 71, 74, 76, 80]
[2, -1, 3, -3, -3, -2, -4]
eq:0 hi:1 inc:2 dec:4
UNSAFE-----------------

[27, 26, 25, 28, 29, 31, 37]
[1, 1, -3, -1, -2, -6]
eq:0 hi:1 inc:2 dec:3
UNSAFE-----------------

[30, 28, 31, 34, 34, 35]
[2, -3, -3, 0, -1]
eq:1 hi:0 inc:1 dec:3
UNSAFE-----------------

[50, 47, 47, 48, 50, 52, 51]
[3, 0, -1, -2, -2, 1]
eq:1 hi:0 inc:2 dec:3
UNSAFE-----------------

[41, 40, 41, 44, 44, 46, 47, 47]
[1, -1, -3, 0, -2, -1, 0]
eq:2 hi:0 inc:1 dec:4
UNSAFE-----------------

[48, 47, 48, 51, 52, 52, 56]
[1, -1, -3, -1, 0, -4]
eq:1 hi:1 inc:1 dec:3
UNSAFE-----------------

[6, 3, 5, 7, 10, 10, 15]
[3, -2, -2, -3, 0, -5]
eq:1 hi:1 inc:1 dec:3
UNSAFE-----------------

[3, 2, 4, 5, 6, 8, 12, 15]
[1, -2, -1, -1, -2, -4, -3]
eq:0 hi:1 inc:1 dec:5
UNSAFE-----------------

[88, 85, 86, 87, 91, 94, 91]
[3, -1, -1, -4, -3, 3]
eq:0 hi:1 inc:2 dec:3
UNSAFE-----------------

[59, 56, 59, 63, 65, 65]
[3, -3, -4, -2, 0]
eq:1 hi:1 inc:1 dec:2
UNSAFE-----------------

[44, 43, 45, 49, 53]
[1, -2, -4, -4]
eq:0 hi:2 inc:1 dec:1
UNSAFE-----------------

[47, 46, 49, 53, 55, 56, 62]
[1, -3, -4, -2, -1, -6]
eq:0 hi:2 inc:1 dec:3
UNSAFE-----------------

[32, 30, 36, 38, 39, 41]
[2, -6, -2, -1, -2]
eq:0 hi:1 inc:1 dec:3
UNSAFE-----------------

[27, 24, 27, 30, 31, 38, 39, 38]
[3, -3, -3, -1, -7, -1, 1]
eq:0 hi:1 inc:2 dec:4
UNSAFE-----------------

[64, 61, 68, 70, 70]
[3, -7, -2, 0]
eq:1 hi:1 inc:1 dec:1
UNSAFE-----------------

[54, 52, 55, 60, 61, 63, 67]
[2, -3, -5, -1, -2, -4]
eq:0 hi:2 inc:1 dec:3
UNSAFE-----------------

[23, 20, 27, 30, 37]
[3, -7, -3, -7]
eq:0 hi:2 inc:1 dec:1
UNSAFE-----------------

[21, 21, 23, 26, 27, 28, 30, 33]
[0, -2, -3, -1, -1, -2, -3]
eq:1 hi:0 inc:0 dec:6
safe

[22, 22, 23, 24, 23]
[0, -1, -1, 1]
eq:1 hi:0 inc:1 dec:2
UNSAFE-----------------

[36, 36, 39, 42, 44, 44]
[0, -3, -3, -2, 0]
eq:2 hi:0 inc:0 dec:3
UNSAFE-----------------

[48, 48, 51, 53, 57]
[0, -3, -2, -4]
eq:1 hi:1 inc:0 dec:2
UNSAFE-----------------

[19, 19, 21, 24, 27, 29, 30, 35]
[0, -2, -3, -3, -2, -1, -5]
eq:1 hi:1 inc:0 dec:5
UNSAFE-----------------

[35, 35, 33, 34, 35, 38, 39]
[0, 2, -1, -1, -3, -1]
eq:1 hi:0 inc:1 dec:4
UNSAFE-----------------

[74, 74, 73, 75, 72]
[0, 1, -2, 3]
eq:1 hi:0 inc:2 dec:1
UNSAFE-----------------

[75, 75, 77, 74, 75, 76, 76]
[0, -2, 3, -1, -1, 0]
eq:2 hi:0 inc:1 dec:3
UNSAFE-----------------

[24, 24, 27, 28, 25, 28, 30, 34]
[0, -3, -1, 3, -3, -2, -4]
eq:1 hi:1 inc:1 dec:4
UNSAFE-----------------

[67, 67, 65, 67, 70, 72, 79]
[0, 2, -2, -3, -2, -7]
eq:1 hi:1 inc:1 dec:3
UNSAFE-----------------

[44, 44, 45, 46, 49, 49, 51, 52]
[0, -1, -1, -3, 0, -2, -1]
eq:2 hi:0 inc:0 dec:5
UNSAFE-----------------

[69, 69, 72, 72, 69]
[0, -3, 0, 3]
eq:2 hi:0 inc:1 dec:1
UNSAFE-----------------

[28, 28, 28, 31, 34, 36, 36]
[0, 0, -3, -3, -2, 0]
eq:3 hi:0 inc:0 dec:3
UNSAFE-----------------

[53, 53, 53, 55, 56, 60]
[0, 0, -2, -1, -4]
eq:2 hi:1 inc:0 dec:2
UNSAFE-----------------

[51, 51, 51, 52, 54, 59]
[0, 0, -1, -2, -5]
eq:2 hi:1 inc:0 dec:2
UNSAFE-----------------

[82, 82, 84, 88, 89]
[0, -2, -4, -1]
eq:1 hi:1 inc:0 dec:2
UNSAFE-----------------

[66, 66, 67, 70, 71, 75, 73]
[0, -1, -3, -1, -4, 2]
eq:1 hi:1 inc:1 dec:3
UNSAFE-----------------

[82, 82, 85, 89, 91, 91]
[0, -3, -4, -2, 0]
eq:2 hi:1 inc:0 dec:2
UNSAFE-----------------

[32, 32, 35, 37, 40, 44, 48]
[0, -3, -2, -3, -4, -4]
eq:1 hi:2 inc:0 dec:3
UNSAFE-----------------

[27, 27, 30, 33, 37, 42]
[0, -3, -3, -4, -5]
eq:1 hi:2 inc:0 dec:2
UNSAFE-----------------

[77, 77, 80, 86, 89, 92, 95]
[0, -3, -6, -3, -3, -3]
eq:1 hi:1 inc:0 dec:4
UNSAFE-----------------

[65, 65, 68, 70, 77, 79, 77]
[0, -3, -2, -7, -2, 2]
eq:1 hi:1 inc:1 dec:3
UNSAFE-----------------

[86, 86, 87, 89, 91, 97, 99, 99]
[0, -1, -2, -2, -6, -2, 0]
eq:2 hi:1 inc:0 dec:4
UNSAFE-----------------

[31, 31, 36, 39, 41, 45]
[0, -5, -3, -2, -4]
eq:1 hi:2 inc:0 dec:2
UNSAFE-----------------

[6, 6, 9, 14, 17, 18, 25]
[0, -3, -5, -3, -1, -7]
eq:1 hi:2 inc:0 dec:3
UNSAFE-----------------

[27, 31, 32, 34, 36]
[-4, -1, -2, -2]
eq:0 hi:1 inc:0 dec:3
safe

[55, 59, 62, 65, 67, 70, 71, 69]
[-4, -3, -3, -2, -3, -1, 2]
eq:0 hi:1 inc:1 dec:5
UNSAFE-----------------

[4, 8, 11, 14, 15, 16, 16]
[-4, -3, -3, -1, -1, 0]
eq:1 hi:1 inc:0 dec:4
UNSAFE-----------------

[3, 7, 8, 11, 13, 17]
[-4, -1, -3, -2, -4]
eq:0 hi:2 inc:0 dec:3
UNSAFE-----------------

[73, 77, 80, 82, 85, 87, 89, 96]
[-4, -3, -2, -3, -2, -2, -7]
eq:0 hi:2 inc:0 dec:5
UNSAFE-----------------

[85, 89, 91, 94, 93, 94, 96, 97]
[-4, -2, -3, 1, -1, -2, -1]
eq:0 hi:1 inc:1 dec:5
UNSAFE-----------------

[8, 12, 13, 12, 15, 18, 17]
[-4, -1, 1, -3, -3, 1]
eq:0 hi:1 inc:2 dec:3
UNSAFE-----------------

[51, 55, 52, 53, 53]
[-4, 3, -1, 0]
eq:1 hi:1 inc:1 dec:1
UNSAFE-----------------

[21, 25, 28, 30, 29, 31, 34, 38]
[-4, -3, -2, 1, -2, -3, -4]
eq:0 hi:2 inc:1 dec:4
UNSAFE-----------------

[48, 52, 55, 52, 57]
[-4, -3, 3, -5]
eq:0 hi:2 inc:1 dec:1
UNSAFE-----------------

[1, 5, 6, 6, 8, 9]
[-4, -1, 0, -2, -1]
eq:1 hi:1 inc:0 dec:3
UNSAFE-----------------

[37, 41, 44, 45, 47, 47, 45]
[-4, -3, -1, -2, 0, 2]
eq:1 hi:1 inc:1 dec:3
UNSAFE-----------------

[44, 48, 50, 50, 50]
[-4, -2, 0, 0]
eq:2 hi:1 inc:0 dec:1
UNSAFE-----------------

[72, 76, 76, 77, 78, 79, 83]
[-4, 0, -1, -1, -1, -4]
eq:1 hi:2 inc:0 dec:3
UNSAFE-----------------

[54, 58, 59, 60, 63, 64, 64, 70]
[-4, -1, -1, -3, -1, 0, -6]
eq:1 hi:2 inc:0 dec:4
UNSAFE-----------------

[18, 22, 24, 27, 31, 32]
[-4, -2, -3, -4, -1]
eq:0 hi:2 inc:0 dec:3
UNSAFE-----------------

[33, 37, 40, 44, 45, 43]
[-4, -3, -4, -1, 2]
eq:0 hi:2 inc:1 dec:2
UNSAFE-----------------

[13, 17, 21, 22, 24, 26, 26]
[-4, -4, -1, -2, -2, 0]
eq:1 hi:2 inc:0 dec:3
UNSAFE-----------------

[24, 28, 31, 33, 37, 39, 42, 46]
[-4, -3, -2, -4, -2, -3, -4]
eq:0 hi:3 inc:0 dec:4
UNSAFE-----------------

[19, 23, 24, 28, 30, 35]
[-4, -1, -4, -2, -5]
eq:0 hi:3 inc:0 dec:2
UNSAFE-----------------

[39, 43, 45, 52, 53]
[-4, -2, -7, -1]
eq:0 hi:2 inc:0 dec:2
UNSAFE-----------------

[57, 61, 62, 68, 70, 68]
[-4, -1, -6, -2, 2]
eq:0 hi:2 inc:1 dec:2
UNSAFE-----------------

[40, 44, 51, 54, 54]
[-4, -7, -3, 0]
eq:1 hi:2 inc:0 dec:1
UNSAFE-----------------

[60, 64, 69, 70, 71, 75]
[-4, -5, -1, -1, -4]
eq:0 hi:3 inc:0 dec:2
UNSAFE-----------------

[40, 44, 46, 53, 56, 59, 66]
[-4, -2, -7, -3, -3, -7]
eq:0 hi:3 inc:0 dec:3
UNSAFE-----------------

[25, 32, 35, 37, 40, 43]
[-7, -3, -2, -3, -3]
eq:0 hi:1 inc:0 dec:4
safe

[63, 68, 70, 72, 73, 74, 73]
[-5, -2, -2, -1, -1, 1]
eq:0 hi:1 inc:1 dec:4
UNSAFE-----------------

[34, 41, 42, 43, 43]
[-7, -1, -1, 0]
eq:1 hi:1 inc:0 dec:2
UNSAFE-----------------

[1, 6, 7, 10, 11, 15]
[-5, -1, -3, -1, -4]
eq:0 hi:2 inc:0 dec:3
UNSAFE-----------------

[23, 28, 31, 34, 39]
[-5, -3, -3, -5]
eq:0 hi:2 inc:0 dec:2
UNSAFE-----------------

[91, 96, 95, 96, 98]
[-5, 1, -1, -2]
eq:0 hi:1 inc:1 dec:2
UNSAFE-----------------

[81, 88, 85, 88, 86]
[-7, 3, -3, 2]
eq:0 hi:1 inc:2 dec:1
UNSAFE-----------------

[54, 60, 62, 59, 60, 60]
[-6, -2, 3, -1, 0]
eq:1 hi:1 inc:1 dec:2
UNSAFE-----------------

[30, 37, 36, 39, 43]
[-7, 1, -3, -4]
eq:0 hi:2 inc:1 dec:1
UNSAFE-----------------

[44, 51, 53, 51, 57]
[-7, -2, 2, -6]
eq:0 hi:2 inc:1 dec:1
UNSAFE-----------------

[25, 30, 31, 33, 33, 36, 37, 39]
[-5, -1, -2, 0, -3, -1, -2]
eq:1 hi:1 inc:0 dec:5
UNSAFE-----------------

[85, 92, 94, 94, 93]
[-7, -2, 0, 1]
eq:1 hi:1 inc:1 dec:1
UNSAFE-----------------

[2, 8, 9, 11, 11, 11]
[-6, -1, -2, 0, 0]
eq:2 hi:1 inc:0 dec:2
UNSAFE-----------------

[41, 46, 49, 49, 51, 54, 58]
[-5, -3, 0, -2, -3, -4]
eq:1 hi:2 inc:0 dec:3
UNSAFE-----------------

[58, 63, 65, 67, 67, 68, 69, 74]
[-5, -2, -2, 0, -1, -1, -5]
eq:1 hi:2 inc:0 dec:4
UNSAFE-----------------

[45, 50, 52, 56, 57, 60, 63]
[-5, -2, -4, -1, -3, -3]
eq:0 hi:2 inc:0 dec:4
UNSAFE-----------------

[29, 34, 38, 40, 37]
[-5, -4, -2, 3]
eq:0 hi:2 inc:1 dec:1
UNSAFE-----------------

[67, 74, 76, 80, 80]
[-7, -2, -4, 0]
eq:1 hi:2 inc:0 dec:1
UNSAFE-----------------

[57, 64, 68, 70, 71, 75]
[-7, -4, -2, -1, -4]
eq:0 hi:3 inc:0 dec:2
UNSAFE-----------------

[6, 13, 16, 19, 23, 26, 29, 36]
[-7, -3, -3, -4, -3, -3, -7]
eq:0 hi:3 inc:0 dec:4
UNSAFE-----------------

[26, 31, 32, 37, 39, 41, 44, 47]
[-5, -1, -5, -2, -2, -3, -3]
eq:0 hi:2 inc:0 dec:5
UNSAFE-----------------

[67, 72, 77, 80, 78]
[-5, -5, -3, 2]
eq:0 hi:2 inc:1 dec:1
UNSAFE-----------------

[76, 81, 86, 88, 90, 90]
[-5, -5, -2, -2, 0]
eq:1 hi:2 inc:0 dec:2
UNSAFE-----------------

[65, 72, 75, 78, 80, 85, 86, 90]
[-7, -3, -3, -2, -5, -1, -4]
eq:0 hi:3 inc:0 dec:4
UNSAFE-----------------

[32, 38, 43, 44, 45, 47, 52]
[-6, -5, -1, -1, -2, -5]
eq:0 hi:3 inc:0 dec:3
UNSAFE-----------------

[61, 60, 58, 57, 56, 54, 51, 53]
[1, 2, 1, 1, 2, 3, -2]
eq:0 hi:0 inc:6 dec:1
safe

[92, 90, 89, 86, 86]
[2, 1, 3, 0]
eq:1 hi:0 inc:3 dec:0
safe

[70, 68, 67, 65, 61]
[2, 1, 2, 4]
eq:0 hi:1 inc:3 dec:0
safe

[87, 84, 81, 80, 79, 78, 75, 68]
[3, 3, 1, 1, 1, 3, 7]
eq:0 hi:1 inc:6 dec:0
safe

[41, 38, 37, 40, 38, 35, 34]
[3, 1, -3, 2, 3, 1]
eq:0 hi:0 inc:5 dec:1
safe

[99, 96, 95, 96, 98]
[3, 1, -1, -2]
eq:0 hi:0 inc:2 dec:2
UNSAFE-----------------

[53, 51, 50, 52, 50, 50]
[2, 1, -2, 2, 0]
eq:1 hi:0 inc:3 dec:1
UNSAFE-----------------

[17, 15, 14, 13, 14, 10]
[2, 1, 1, -1, 4]
eq:0 hi:1 inc:3 dec:1
UNSAFE-----------------

[16, 15, 17, 14, 13, 6]
[1, -2, 3, 1, 7]
eq:0 hi:1 inc:3 dec:1
UNSAFE-----------------

[31, 30, 30, 27, 24, 23]
[1, 0, 3, 3, 1]
eq:1 hi:0 inc:4 dec:0
safe

[43, 42, 39, 39, 38, 41]
[1, 3, 0, 1, -3]
eq:1 hi:0 inc:3 dec:1
UNSAFE-----------------

[58, 55, 52, 49, 47, 46, 46, 46]
[3, 3, 3, 2, 1, 0, 0]
eq:2 hi:0 inc:5 dec:0
UNSAFE-----------------

[61, 59, 58, 58, 55, 51]
[2, 1, 0, 3, 4]
eq:1 hi:1 inc:3 dec:0
UNSAFE-----------------

[58, 55, 55, 54, 52, 49, 46, 39]
[3, 0, 1, 2, 3, 3, 7]
eq:1 hi:1 inc:5 dec:0
UNSAFE-----------------

[43, 42, 38, 37, 35]
[1, 4, 1, 2]
eq:0 hi:1 inc:3 dec:0
safe

[96, 93, 89, 88, 87, 90]
[3, 4, 1, 1, -3]
eq:0 hi:1 inc:3 dec:1
UNSAFE-----------------

[80, 79, 76, 75, 74, 70, 70]
[1, 3, 1, 1, 4, 0]
eq:1 hi:1 inc:4 dec:0
UNSAFE-----------------

[53, 50, 49, 47, 46, 42, 38]
[3, 1, 2, 1, 4, 4]
eq:0 hi:2 inc:4 dec:0
UNSAFE-----------------

[38, 35, 31, 29, 28, 22]
[3, 4, 2, 1, 6]
eq:0 hi:2 inc:3 dec:0
UNSAFE-----------------

[87, 84, 81, 79, 74, 73, 71]
[3, 3, 2, 5, 1, 2]
eq:0 hi:1 inc:5 dec:0
safe

[23, 22, 20, 19, 12, 11, 8, 10]
[1, 2, 1, 7, 1, 3, -2]
eq:0 hi:1 inc:5 dec:1
UNSAFE-----------------

[20, 17, 16, 9, 9]
[3, 1, 7, 0]
eq:1 hi:1 inc:2 dec:0
UNSAFE-----------------

[20, 18, 16, 10, 7, 3]
[2, 2, 6, 3, 4]
eq:0 hi:2 inc:3 dec:0
UNSAFE-----------------

[21, 19, 17, 11, 8, 7, 2]
[2, 2, 6, 3, 1, 5]
eq:0 hi:2 inc:4 dec:0
UNSAFE-----------------

[64, 65, 62, 61, 60, 59, 57]
[-1, 3, 1, 1, 1, 2]
eq:0 hi:0 inc:5 dec:1
safe

[17, 18, 17, 14, 12, 15]
[-1, 1, 3, 2, -3]
eq:0 hi:0 inc:3 dec:2
UNSAFE-----------------

[61, 64, 63, 60, 59, 57, 57]
[-3, 1, 3, 1, 2, 0]
eq:1 hi:0 inc:4 dec:1
UNSAFE-----------------

[88, 91, 88, 86, 83, 79]
[-3, 3, 2, 3, 4]
eq:0 hi:1 inc:3 dec:1
UNSAFE-----------------

[97, 99, 97, 94, 88]
[-2, 2, 3, 6]
eq:0 hi:1 inc:2 dec:1
UNSAFE-----------------

[69, 70, 72, 69, 66]
[-1, -2, 3, 3]
eq:0 hi:0 inc:2 dec:2
UNSAFE-----------------

[23, 24, 23, 24, 25]
[-1, 1, -1, -1]
eq:0 hi:0 inc:1 dec:3
safe

[43, 46, 44, 42, 44, 43, 41, 41]
[-3, 2, 2, -2, 1, 2, 0]
eq:1 hi:0 inc:4 dec:2
UNSAFE-----------------

[19, 20, 19, 21, 19, 15]
[-1, 1, -2, 2, 4]
eq:0 hi:1 inc:2 dec:2
UNSAFE-----------------

[62, 63, 64, 63, 61, 59, 57, 51]
[-1, -1, 1, 2, 2, 2, 6]
eq:0 hi:1 inc:4 dec:2
UNSAFE-----------------

[90, 91, 89, 86, 86, 83, 81, 78]
[-1, 2, 3, 0, 3, 2, 3]
eq:1 hi:0 inc:5 dec:1
UNSAFE-----------------

[73, 74, 72, 71, 71, 68, 66, 69]
[-1, 2, 1, 0, 3, 2, -3]
eq:1 hi:0 inc:4 dec:2
UNSAFE-----------------

[37, 40, 38, 36, 36, 33, 31, 31]
[-3, 2, 2, 0, 3, 2, 0]
eq:2 hi:0 inc:4 dec:1
UNSAFE-----------------

[35, 38, 38, 35, 31]
[-3, 0, 3, 4]
eq:1 hi:1 inc:1 dec:1
UNSAFE-----------------

[76, 77, 77, 74, 68]
[-1, 0, 3, 6]
eq:1 hi:1 inc:1 dec:1
UNSAFE-----------------

[76, 78, 75, 73, 69, 66]
[-2, 3, 2, 4, 3]
eq:0 hi:1 inc:3 dec:1
UNSAFE-----------------

[67, 68, 64, 61, 58, 55, 53, 55]
[-1, 4, 3, 3, 3, 2, -2]
eq:0 hi:1 inc:4 dec:2
UNSAFE-----------------

[53, 55, 51, 49, 46, 44, 44]
[-2, 4, 2, 3, 2, 0]
eq:1 hi:1 inc:3 dec:1
UNSAFE-----------------

[47, 48, 44, 43, 39]
[-1, 4, 1, 4]
eq:0 hi:2 inc:1 dec:1
UNSAFE-----------------

[89, 92, 89, 86, 82, 76]
[-3, 3, 3, 4, 6]
eq:0 hi:2 inc:2 dec:1
UNSAFE-----------------

[26, 29, 27, 21, 20]
[-3, 2, 6, 1]
eq:0 hi:1 inc:2 dec:1
UNSAFE-----------------

[78, 80, 74, 73, 70, 69, 70]
[-2, 6, 1, 3, 1, -1]
eq:0 hi:1 inc:3 dec:2
UNSAFE-----------------

[75, 78, 72, 70, 70]
[-3, 6, 2, 0]
eq:1 hi:1 inc:1 dec:1
UNSAFE-----------------

[16, 18, 15, 9, 5]
[-2, 3, 6, 4]
eq:0 hi:2 inc:1 dec:1
UNSAFE-----------------

[73, 76, 70, 67, 65, 63, 58]
[-3, 6, 3, 2, 2, 5]
eq:0 hi:2 inc:3 dec:1
UNSAFE-----------------

[37, 37, 35, 32, 29, 26, 23]
[0, 2, 3, 3, 3, 3]
eq:1 hi:0 inc:5 dec:0
safe

[41, 41, 39, 36, 33, 32, 30, 33]
[0, 2, 3, 3, 1, 2, -3]
eq:1 hi:0 inc:5 dec:1
UNSAFE-----------------

[75, 75, 72, 70, 67, 66, 65, 65]
[0, 3, 2, 3, 1, 1, 0]
eq:2 hi:0 inc:5 dec:0
UNSAFE-----------------

[26, 26, 24, 23, 22, 21, 17]
[0, 2, 1, 1, 1, 4]
eq:1 hi:1 inc:4 dec:0
UNSAFE-----------------

[98, 98, 97, 94, 93, 91, 88, 82]
[0, 1, 3, 1, 2, 3, 6]
eq:1 hi:1 inc:5 dec:0
UNSAFE-----------------

[14, 14, 15, 13, 10, 8, 5, 3]
[0, -1, 2, 3, 2, 3, 2]
eq:1 hi:0 inc:5 dec:1
UNSAFE-----------------

[33, 33, 31, 29, 26, 28, 29]
[0, 2, 2, 3, -2, -1]
eq:1 hi:0 inc:3 dec:2
UNSAFE-----------------

[31, 31, 29, 26, 28, 28]
[0, 2, 3, -2, 0]
eq:2 hi:0 inc:2 dec:1
UNSAFE-----------------

[91, 91, 88, 86, 87, 85, 81]
[0, 3, 2, -1, 2, 4]
eq:1 hi:1 inc:3 dec:1
UNSAFE-----------------

[72, 72, 70, 73, 70, 67, 64, 57]
[0, 2, -3, 3, 3, 3, 7]
eq:1 hi:1 inc:4 dec:1
UNSAFE-----------------

[22, 22, 22, 20, 19, 17]
[0, 0, 2, 1, 2]
eq:2 hi:0 inc:3 dec:0
UNSAFE-----------------

[74, 74, 74, 71, 69, 66, 63, 64]
[0, 0, 3, 2, 3, 3, -1]
eq:2 hi:0 inc:4 dec:1
UNSAFE-----------------

[25, 25, 22, 22, 22]
[0, 3, 0, 0]
eq:3 hi:0 inc:1 dec:0
UNSAFE-----------------

[33, 33, 32, 30, 28, 28, 24]
[0, 1, 2, 2, 0, 4]
eq:2 hi:1 inc:3 dec:0
UNSAFE-----------------

[84, 84, 81, 78, 78, 76, 71]
[0, 3, 3, 0, 2, 5]
eq:2 hi:1 inc:3 dec:0
UNSAFE-----------------

[19, 19, 15, 12, 9, 8, 7]
[0, 4, 3, 3, 1, 1]
eq:1 hi:1 inc:4 dec:0
UNSAFE-----------------

[74, 74, 71, 70, 66, 63, 65]
[0, 3, 1, 4, 3, -2]
eq:1 hi:1 inc:3 dec:1
UNSAFE-----------------

[46, 46, 45, 41, 41]
[0, 1, 4, 0]
eq:2 hi:1 inc:1 dec:0
UNSAFE-----------------

[38, 38, 34, 33, 29]
[0, 4, 1, 4]
eq:1 hi:2 inc:1 dec:0
UNSAFE-----------------

[44, 44, 43, 39, 32]
[0, 1, 4, 7]
eq:1 hi:2 inc:1 dec:0
UNSAFE-----------------

[17, 17, 10, 8, 5]
[0, 7, 2, 3]
eq:1 hi:1 inc:2 dec:0
UNSAFE-----------------

[89, 89, 87, 85, 84, 79, 78, 80]
[0, 2, 2, 1, 5, 1, -2]
eq:1 hi:1 inc:4 dec:1
UNSAFE-----------------

[21, 21, 18, 17, 12, 12]
[0, 3, 1, 5, 0]
eq:2 hi:1 inc:2 dec:0
UNSAFE-----------------

[66, 66, 65, 62, 60, 54, 50]
[0, 1, 3, 2, 6, 4]
eq:1 hi:2 inc:3 dec:0
UNSAFE-----------------

[81, 81, 78, 76, 69, 66, 63, 57]
[0, 3, 2, 7, 3, 3, 6]
eq:1 hi:2 inc:4 dec:0
UNSAFE-----------------

[40, 36, 34, 33, 30, 29]
[4, 2, 1, 3, 1]
eq:0 hi:1 inc:4 dec:0
safe

[30, 26, 25, 23, 22, 20, 21]
[4, 1, 2, 1, 2, -1]
eq:0 hi:1 inc:4 dec:1
UNSAFE-----------------

[24, 20, 17, 14, 13, 11, 10, 10]
[4, 3, 3, 1, 2, 1, 0]
eq:1 hi:1 inc:5 dec:0
UNSAFE-----------------

[84, 80, 77, 75, 72, 71, 67]
[4, 3, 2, 3, 1, 4]
eq:0 hi:2 inc:4 dec:0
UNSAFE-----------------

[64, 60, 58, 55, 53, 48]
[4, 2, 3, 2, 5]
eq:0 hi:2 inc:3 dec:0
UNSAFE-----------------

[88, 84, 83, 85, 82]
[4, 1, -2, 3]
eq:0 hi:1 inc:2 dec:1
UNSAFE-----------------

[33, 29, 32, 30, 31]
[4, -3, 2, -1]
eq:0 hi:1 inc:1 dec:2
UNSAFE-----------------

[73, 69, 67, 70, 70]
[4, 2, -3, 0]
eq:1 hi:1 inc:1 dec:1
UNSAFE-----------------

[95, 91, 88, 87, 85, 84, 85, 81]
[4, 3, 1, 2, 1, -1, 4]
eq:0 hi:2 inc:4 dec:1
UNSAFE-----------------

[34, 30, 29, 26, 27, 22]
[4, 1, 3, -1, 5]
eq:0 hi:2 inc:2 dec:1
UNSAFE-----------------

[61, 57, 57, 55, 52, 49, 47]
[4, 0, 2, 3, 3, 2]
eq:1 hi:1 inc:4 dec:0
UNSAFE-----------------

[48, 44, 43, 43, 46]
[4, 1, 0, -3]
eq:1 hi:1 inc:1 dec:1
UNSAFE-----------------

[75, 71, 70, 68, 68, 65, 64, 64]
[4, 1, 2, 0, 3, 1, 0]
eq:2 hi:1 inc:4 dec:0
UNSAFE-----------------

[46, 42, 42, 40, 36]
[4, 0, 2, 4]
eq:1 hi:2 inc:1 dec:0
UNSAFE-----------------

[79, 75, 72, 72, 69, 64]
[4, 3, 0, 3, 5]
eq:1 hi:2 inc:2 dec:0
UNSAFE-----------------

[96, 92, 91, 87, 85, 83, 82, 80]
[4, 1, 4, 2, 2, 1, 2]
eq:0 hi:2 inc:5 dec:0
UNSAFE-----------------

[80, 76, 75, 71, 69, 67, 70]
[4, 1, 4, 2, 2, -3]
eq:0 hi:2 inc:3 dec:1
UNSAFE-----------------

[61, 57, 53, 51, 51]
[4, 4, 2, 0]
eq:1 hi:2 inc:1 dec:0
UNSAFE-----------------

[21, 17, 15, 13, 11, 7, 3]
[4, 2, 2, 2, 4, 4]
eq:0 hi:3 inc:3 dec:0
UNSAFE-----------------

[26, 22, 19, 15, 12, 6]
[4, 3, 4, 3, 6]
eq:0 hi:3 inc:2 dec:0
UNSAFE-----------------

[73, 69, 67, 60, 58, 57, 56]
[4, 2, 7, 2, 1, 1]
eq:0 hi:2 inc:4 dec:0
UNSAFE-----------------

[57, 53, 47, 46, 48]
[4, 6, 1, -2]
eq:0 hi:2 inc:1 dec:1
UNSAFE-----------------

[65, 61, 59, 56, 51, 48, 48]
[4, 2, 3, 5, 3, 0]
eq:1 hi:2 inc:3 dec:0
UNSAFE-----------------

[35, 31, 28, 22, 21, 17]
[4, 3, 6, 1, 4]
eq:0 hi:3 inc:2 dec:0
UNSAFE-----------------

[49, 45, 43, 36, 34, 33, 30, 24]
[4, 2, 7, 2, 1, 3, 6]
eq:0 hi:3 inc:4 dec:0
UNSAFE-----------------

[46, 41, 40, 37, 34, 32]
[5, 1, 3, 3, 2]
eq:0 hi:1 inc:4 dec:0
safe

[79, 73, 70, 67, 65, 63, 60, 63]
[6, 3, 3, 2, 2, 3, -3]
eq:0 hi:1 inc:5 dec:1
UNSAFE-----------------

[37, 32, 31, 30, 30]
[5, 1, 1, 0]
eq:1 hi:1 inc:2 dec:0
UNSAFE-----------------

[66, 59, 58, 56, 55, 54, 50]
[7, 1, 2, 1, 1, 4]
eq:0 hi:2 inc:4 dec:0
UNSAFE-----------------

[42, 36, 34, 32, 26]
[6, 2, 2, 6]
eq:0 hi:2 inc:2 dec:0
UNSAFE-----------------

[74, 67, 66, 68, 65, 64, 62]
[7, 1, -2, 3, 1, 2]
eq:0 hi:1 inc:4 dec:1
UNSAFE-----------------

[34, 27, 24, 22, 25, 23, 21, 23]
[7, 3, 2, -3, 2, 2, -2]
eq:0 hi:1 inc:4 dec:2
UNSAFE-----------------

[24, 19, 16, 17, 15, 15]
[5, 3, -1, 2, 0]
eq:1 hi:1 inc:2 dec:1
UNSAFE-----------------

[40, 33, 32, 30, 33, 31, 30, 26]
[7, 1, 2, -3, 2, 1, 4]
eq:0 hi:2 inc:4 dec:1
UNSAFE-----------------

[73, 66, 65, 66, 60]
[7, 1, -1, 6]
eq:0 hi:2 inc:1 dec:1
UNSAFE-----------------

[23, 16, 14, 14, 12, 9, 6]
[7, 2, 0, 2, 3, 3]
eq:1 hi:1 inc:4 dec:0
UNSAFE-----------------

[74, 69, 67, 64, 64, 65]
[5, 2, 3, 0, -1]
eq:1 hi:1 inc:2 dec:1
UNSAFE-----------------

[47, 40, 37, 35, 32, 29, 29, 29]
[7, 3, 2, 3, 3, 0, 0]
eq:2 hi:1 inc:4 dec:0
UNSAFE-----------------

[37, 31, 28, 25, 22, 20, 20, 16]
[6, 3, 3, 3, 2, 0, 4]
eq:1 hi:2 inc:4 dec:0
UNSAFE-----------------

[60, 53, 51, 49, 48, 48, 46, 39]
[7, 2, 2, 1, 0, 2, 7]
eq:1 hi:2 inc:4 dec:0
UNSAFE-----------------

[76, 70, 66, 63, 60]
[6, 4, 3, 3]
eq:0 hi:2 inc:2 dec:0
UNSAFE-----------------

[59, 52, 48, 47, 50]
[7, 4, 1, -3]
eq:0 hi:2 inc:1 dec:1
UNSAFE-----------------

[49, 43, 42, 38, 38]
[6, 1, 4, 0]
eq:1 hi:2 inc:1 dec:0
UNSAFE-----------------

[84, 79, 75, 73, 72, 71, 67]
[5, 4, 2, 1, 1, 4]
eq:0 hi:3 inc:3 dec:0
UNSAFE-----------------

[75, 69, 68, 64, 62, 60, 55]
[6, 1, 4, 2, 2, 5]
eq:0 hi:3 inc:3 dec:0
UNSAFE-----------------

[71, 66, 60, 57, 56]
[5, 6, 3, 1]
eq:0 hi:2 inc:2 dec:0
UNSAFE-----------------

[70, 64, 57, 54, 53, 51, 48, 51]
[6, 7, 3, 1, 2, 3, -3]
eq:0 hi:2 inc:4 dec:1
UNSAFE-----------------

[89, 83, 77, 75, 72, 69, 69]
[6, 6, 2, 3, 3, 0]
eq:1 hi:2 inc:3 dec:0
UNSAFE-----------------

[50, 45, 44, 42, 40, 38, 31, 27]
[5, 1, 2, 2, 2, 7, 4]
eq:0 hi:3 inc:4 dec:0
UNSAFE-----------------

[40, 33, 27, 26, 23, 20, 13]
[7, 6, 1, 3, 3, 7]
eq:0 hi:3 inc:3 dec:0
UNSAFE-----------------

[12, 13, 16, 19, 22, 24, 23]
[-1, -3, -3, -3, -2, 1]
eq:0 hi:0 inc:1 dec:5
safe

[45, 48, 51, 52, 53, 54, 56, 56]
[-3, -3, -1, -1, -1, -2, 0]
eq:1 hi:0 inc:0 dec:6
safe

[30, 31, 33, 35, 38, 42]
[-1, -2, -2, -3, -4]
eq:0 hi:1 inc:0 dec:4
safe

[81, 82, 84, 87, 93]
[-1, -2, -3, -6]
eq:0 hi:1 inc:0 dec:3
safe

[10, 13, 14, 15, 13, 16]
[-3, -1, -1, 2, -3]
eq:0 hi:0 inc:1 dec:4
safe

[46, 49, 51, 52, 53, 54, 51, 49]
[-3, -2, -1, -1, -1, 3, 2]
eq:0 hi:0 inc:2 dec:5
UNSAFE-----------------

[13, 14, 17, 16, 16]
[-1, -3, 1, 0]
eq:1 hi:0 inc:1 dec:2
UNSAFE-----------------

[36, 39, 42, 39, 42, 45, 47, 51]
[-3, -3, 3, -3, -3, -2, -4]
eq:0 hi:1 inc:1 dec:5
UNSAFE-----------------

[11, 13, 15, 12, 19]
[-2, -2, 3, -7]
eq:0 hi:1 inc:1 dec:2
UNSAFE-----------------

[54, 55, 55, 57, 60]
[-1, 0, -2, -3]
eq:1 hi:0 inc:0 dec:3
safe

[30, 33, 33, 36, 39, 37]
[-3, 0, -3, -3, 2]
eq:1 hi:0 inc:1 dec:3
UNSAFE-----------------

[42, 44, 45, 45, 46, 48, 48]
[-2, -1, 0, -1, -2, 0]
eq:2 hi:0 inc:0 dec:4
UNSAFE-----------------

[34, 35, 35, 36, 39, 43]
[-1, 0, -1, -3, -4]
eq:1 hi:1 inc:0 dec:3
UNSAFE-----------------

[32, 34, 37, 37, 40, 43, 48]
[-2, -3, 0, -3, -3, -5]
eq:1 hi:1 inc:0 dec:4
UNSAFE-----------------

[22, 25, 29, 32, 33]
[-3, -4, -3, -1]
eq:0 hi:1 inc:0 dec:3
safe

[6, 9, 10, 11, 15, 14]
[-3, -1, -1, -4, 1]
eq:0 hi:1 inc:1 dec:3
UNSAFE-----------------

[77, 78, 82, 84, 87, 87]
[-1, -4, -2, -3, 0]
eq:1 hi:1 inc:0 dec:3
UNSAFE-----------------

[24, 26, 30, 33, 34, 35, 37, 41]
[-2, -4, -3, -1, -1, -2, -4]
eq:0 hi:2 inc:0 dec:5
UNSAFE-----------------

[45, 48, 51, 52, 56, 63]
[-3, -3, -1, -4, -7]
eq:0 hi:2 inc:0 dec:3
UNSAFE-----------------

[18, 21, 22, 23, 28, 29, 31, 33]
[-3, -1, -1, -5, -1, -2, -2]
eq:0 hi:1 inc:0 dec:6
safe

[9, 10, 13, 16, 22, 21]
[-1, -3, -3, -6, 1]
eq:0 hi:1 inc:1 dec:3
UNSAFE-----------------

[31, 32, 38, 41, 43, 43]
[-1, -6, -3, -2, 0]
eq:1 hi:1 inc:0 dec:3
UNSAFE-----------------

[72, 74, 77, 84, 85, 88, 89, 93]
[-2, -3, -7, -1, -3, -1, -4]
eq:0 hi:2 inc:0 dec:5
UNSAFE-----------------

[37, 39, 42, 49, 51, 52, 59]
[-2, -3, -7, -2, -1, -7]
eq:0 hi:2 inc:0 dec:4
UNSAFE-----------------

[73, 72, 73, 76, 77, 79]
[1, -1, -3, -1, -2]
eq:0 hi:0 inc:1 dec:4
safe

[6, 3, 6, 7, 10, 11, 9]
[3, -3, -1, -3, -1, 2]
eq:0 hi:0 inc:2 dec:4
UNSAFE-----------------

[67, 66, 69, 72, 74, 76, 78, 78]
[1, -3, -3, -2, -2, -2, 0]
eq:1 hi:0 inc:1 dec:5
UNSAFE-----------------

[8, 5, 6, 9, 10, 11, 12, 16]
[3, -1, -3, -1, -1, -1, -4]
eq:0 hi:1 inc:1 dec:5
UNSAFE-----------------

[60, 57, 59, 60, 63, 64, 70]
[3, -2, -1, -3, -1, -6]
eq:0 hi:1 inc:1 dec:4
UNSAFE-----------------

[35, 32, 30, 33, 36, 39, 41, 42]
[3, 2, -3, -3, -3, -2, -1]
eq:0 hi:0 inc:2 dec:5
UNSAFE-----------------

[29, 28, 26, 28, 31, 32, 29]
[1, 2, -2, -3, -1, 3]
eq:0 hi:0 inc:3 dec:3
UNSAFE-----------------

[94, 92, 90, 91, 92, 92]
[2, 2, -1, -1, 0]
eq:1 hi:0 inc:2 dec:2
UNSAFE-----------------

[23, 20, 18, 20, 22, 23, 27]
[3, 2, -2, -2, -1, -4]
eq:0 hi:1 inc:2 dec:3
UNSAFE-----------------

[10, 9, 11, 8, 14]
[1, -2, 3, -6]
eq:0 hi:1 inc:2 dec:1
UNSAFE-----------------

[38, 35, 38, 38, 41, 42]
[3, -3, 0, -3, -1]
eq:1 hi:0 inc:1 dec:3
UNSAFE-----------------

[23, 20, 23, 23, 26, 29, 26]
[3, -3, 0, -3, -3, 3]
eq:1 hi:0 inc:2 dec:3
UNSAFE-----------------

[61, 58, 58, 61, 63, 63]
[3, 0, -3, -2, 0]
eq:2 hi:0 inc:1 dec:2
UNSAFE-----------------

[64, 61, 62, 65, 65, 68, 72]
[3, -1, -3, 0, -3, -4]
eq:1 hi:1 inc:1 dec:3
UNSAFE-----------------

[7, 5, 6, 6, 13]
[2, -1, 0, -7]
eq:1 hi:1 inc:1 dec:1
UNSAFE-----------------

[12, 9, 13, 15, 18, 19, 22, 23]
[3, -4, -2, -3, -1, -3, -1]
eq:0 hi:1 inc:1 dec:5
UNSAFE-----------------

[16, 14, 17, 21, 24, 23]
[2, -3, -4, -3, 1]
eq:0 hi:1 inc:2 dec:2
UNSAFE-----------------

[71, 68, 72, 73, 75, 75]
[3, -4, -1, -2, 0]
eq:1 hi:1 inc:1 dec:2
UNSAFE-----------------

[12, 11, 14, 16, 20, 22, 23, 27]
[1, -3, -2, -4, -2, -1, -4]
eq:0 hi:2 inc:1 dec:4
UNSAFE-----------------

[10, 8, 11, 15, 16, 22]
[2, -3, -4, -1, -6]
eq:0 hi:2 inc:1 dec:2
UNSAFE-----------------

[54, 53, 55, 58, 63, 64]
[1, -2, -3, -5, -1]
eq:0 hi:1 inc:1 dec:3
UNSAFE-----------------

[89, 87, 90, 95, 92]
[2, -3, -5, 3]
eq:0 hi:1 inc:2 dec:1
UNSAFE-----------------

[17, 15, 17, 19, 21, 22, 29, 29]
[2, -2, -2, -2, -1, -7, 0]
eq:1 hi:1 inc:1 dec:4
UNSAFE-----------------

[46, 43, 50, 51, 55]
[3, -7, -1, -4]
eq:0 hi:2 inc:1 dec:1
UNSAFE-----------------

[48, 45, 48, 49, 54, 59]
[3, -3, -1, -5, -5]
eq:0 hi:2 inc:1 dec:2
UNSAFE-----------------

[82, 82, 85, 88, 89, 91]
[0, -3, -3, -1, -2]
eq:1 hi:0 inc:0 dec:4
safe

[11, 11, 12, 13, 14, 17, 14]
[0, -1, -1, -1, -3, 3]
eq:1 hi:0 inc:1 dec:4
UNSAFE-----------------

[77, 77, 78, 79, 80, 81, 84, 84]
[0, -1, -1, -1, -1, -3, 0]
eq:2 hi:0 inc:0 dec:5
UNSAFE-----------------

[74, 74, 77, 79, 80, 81, 85]
[0, -3, -2, -1, -1, -4]
eq:1 hi:1 inc:0 dec:4
UNSAFE-----------------

[22, 22, 23, 24, 31]
[0, -1, -1, -7]
eq:1 hi:1 inc:0 dec:2
UNSAFE-----------------

[82, 82, 81, 83, 85, 88, 89, 92]
[0, 1, -2, -2, -3, -1, -3]
eq:1 hi:0 inc:1 dec:5
UNSAFE-----------------

[26, 26, 29, 30, 27, 30, 29]
[0, -3, -1, 3, -3, 1]
eq:1 hi:0 inc:2 dec:3
UNSAFE-----------------

[56, 56, 57, 60, 63, 65, 62, 62]
[0, -1, -3, -3, -2, 3, 0]
eq:2 hi:0 inc:1 dec:4
UNSAFE-----------------

[72, 72, 71, 74, 78]
[0, 1, -3, -4]
eq:1 hi:1 inc:1 dec:1
UNSAFE-----------------

[5, 5, 8, 6, 11]
[0, -3, 2, -5]
eq:1 hi:1 inc:1 dec:1
UNSAFE-----------------

[74, 74, 77, 78, 78, 80, 83]
[0, -3, -1, 0, -2, -3]
eq:2 hi:0 inc:0 dec:4
UNSAFE-----------------

[27, 27, 30, 30, 33, 31]
[0, -3, 0, -3, 2]
eq:2 hi:0 inc:1 dec:2
UNSAFE-----------------

[16, 16, 16, 19, 20, 22, 22]
[0, 0, -3, -1, -2, 0]
eq:3 hi:0 inc:0 dec:3
UNSAFE-----------------

[77, 77, 79, 81, 81, 85]
[0, -2, -2, 0, -4]
eq:2 hi:1 inc:0 dec:2
UNSAFE-----------------

[37, 37, 39, 40, 41, 41, 43, 48]
[0, -2, -1, -1, 0, -2, -5]
eq:2 hi:1 inc:0 dec:4
UNSAFE-----------------

[67, 67, 68, 69, 73, 74, 76, 79]
[0, -1, -1, -4, -1, -2, -3]
eq:1 hi:1 inc:0 dec:5
UNSAFE-----------------

[3, 3, 6, 8, 12, 15, 14]
[0, -3, -2, -4, -3, 1]
eq:1 hi:1 inc:1 dec:3
UNSAFE-----------------

[83, 83, 87, 88, 89, 92, 92]
[0, -4, -1, -1, -3, 0]
eq:2 hi:1 inc:0 dec:3
UNSAFE-----------------

[22, 22, 26, 29, 30, 31, 34, 38]
[0, -4, -3, -1, -1, -3, -4]
eq:1 hi:2 inc:0 dec:4
UNSAFE-----------------

[2, 2, 5, 8, 10, 13, 17, 23]
[0, -3, -3, -2, -3, -4, -6]
eq:1 hi:2 inc:0 dec:4
UNSAFE-----------------

[68, 68, 71, 78, 81]
[0, -3, -7, -3]
eq:1 hi:1 inc:0 dec:2
UNSAFE-----------------

[15, 15, 17, 22, 24, 21]
[0, -2, -5, -2, 3]
eq:1 hi:1 inc:1 dec:2
UNSAFE-----------------

[10, 10, 13, 16, 23, 23]
[0, -3, -3, -7, 0]
eq:2 hi:1 inc:0 dec:2
UNSAFE-----------------

[16, 16, 17, 18, 24, 27, 31]
[0, -1, -1, -6, -3, -4]
eq:1 hi:2 inc:0 dec:3
UNSAFE-----------------

[25, 25, 27, 29, 32, 39, 46]
[0, -2, -2, -3, -7, -7]
eq:1 hi:2 inc:0 dec:3
UNSAFE-----------------

[23, 27, 28, 31, 33, 36, 37]
[-4, -1, -3, -2, -3, -1]
eq:0 hi:1 inc:0 dec:5
safe

[83, 87, 89, 91, 88]
[-4, -2, -2, 3]
eq:0 hi:1 inc:1 dec:2
UNSAFE-----------------

[44, 48, 49, 50, 53, 53]
[-4, -1, -1, -3, 0]
eq:1 hi:1 inc:0 dec:3
UNSAFE-----------------

[46, 50, 52, 54, 57, 61]
[-4, -2, -2, -3, -4]
eq:0 hi:2 inc:0 dec:3
UNSAFE-----------------

[9, 13, 16, 17, 19, 22, 29]
[-4, -3, -1, -2, -3, -7]
eq:0 hi:2 inc:0 dec:4
UNSAFE-----------------

[31, 35, 36, 33, 35]
[-4, -1, 3, -2]
eq:0 hi:1 inc:1 dec:2
UNSAFE-----------------

[81, 85, 84, 86, 85]
[-4, 1, -2, 1]
eq:0 hi:1 inc:2 dec:1
UNSAFE-----------------

[3, 7, 9, 12, 15, 18, 15, 15]
[-4, -2, -3, -3, -3, 3, 0]
eq:1 hi:1 inc:1 dec:4
UNSAFE-----------------

[50, 54, 53, 55, 59]
[-4, 1, -2, -4]
eq:0 hi:2 inc:1 dec:1
UNSAFE-----------------

[46, 50, 51, 54, 52, 58]
[-4, -1, -3, 2, -6]
eq:0 hi:2 inc:1 dec:2
UNSAFE-----------------

[58, 62, 63, 66, 66, 67, 70]
[-4, -1, -3, 0, -1, -3]
eq:1 hi:1 inc:0 dec:4
UNSAFE-----------------

[35, 39, 39, 41, 43, 41]
[-4, 0, -2, -2, 2]
eq:1 hi:1 inc:1 dec:2
UNSAFE-----------------

[29, 33, 36, 37, 37, 37]
[-4, -3, -1, 0, 0]
eq:2 hi:1 inc:0 dec:2
UNSAFE-----------------

[13, 17, 17, 20, 24]
[-4, 0, -3, -4]
eq:1 hi:2 inc:0 dec:1
UNSAFE-----------------

[71, 75, 75, 76, 79, 81, 84, 89]
[-4, 0, -1, -3, -2, -3, -5]
eq:1 hi:2 inc:0 dec:4
UNSAFE-----------------

[21, 25, 29, 31, 32, 33, 35]
[-4, -4, -2, -1, -1, -2]
eq:0 hi:2 inc:0 dec:4
UNSAFE-----------------

[33, 37, 40, 44, 46, 48, 47]
[-4, -3, -4, -2, -2, 1]
eq:0 hi:2 inc:1 dec:3
UNSAFE-----------------

[5, 9, 12, 13, 15, 19, 19]
[-4, -3, -1, -2, -4, 0]
eq:1 hi:2 inc:0 dec:3
UNSAFE-----------------

[23, 27, 30, 34, 37, 38, 42]
[-4, -3, -4, -3, -1, -4]
eq:0 hi:3 inc:0 dec:3
UNSAFE-----------------

[51, 55, 56, 60, 63, 64, 70]
[-4, -1, -4, -3, -1, -6]
eq:0 hi:3 inc:0 dec:3
UNSAFE-----------------

[50, 54, 57, 60, 62, 63, 68, 69]
[-4, -3, -3, -2, -1, -5, -1]
eq:0 hi:2 inc:0 dec:5
UNSAFE-----------------

[24, 28, 31, 32, 33, 36, 43, 40]
[-4, -3, -1, -1, -3, -7, 3]
eq:0 hi:2 inc:1 dec:4
UNSAFE-----------------

[24, 28, 29, 30, 36, 37, 38, 38]
[-4, -1, -1, -6, -1, -1, 0]
eq:1 hi:2 inc:0 dec:4
UNSAFE-----------------

[52, 56, 61, 63, 66, 70]
[-4, -5, -2, -3, -4]
eq:0 hi:3 inc:0 dec:2
UNSAFE-----------------

[15, 19, 25, 27, 29, 34]
[-4, -6, -2, -2, -5]
eq:0 hi:3 inc:0 dec:2
UNSAFE-----------------

[26, 33, 36, 38, 41]
[-7, -3, -2, -3]
eq:0 hi:1 inc:0 dec:3
safe

[23, 30, 33, 34, 32]
[-7, -3, -1, 2]
eq:0 hi:1 inc:1 dec:2
UNSAFE-----------------

[65, 70, 72, 74, 75, 75]
[-5, -2, -2, -1, 0]
eq:1 hi:1 inc:0 dec:3
UNSAFE-----------------

[13, 18, 20, 22, 26]
[-5, -2, -2, -4]
eq:0 hi:2 inc:0 dec:2
UNSAFE-----------------

[43, 50, 53, 55, 58, 59, 66]
[-7, -3, -2, -3, -1, -7]
eq:0 hi:2 inc:0 dec:4
UNSAFE-----------------

[12, 17, 19, 18, 21, 24]
[-5, -2, 1, -3, -3]
eq:0 hi:1 inc:1 dec:3
UNSAFE-----------------

[27, 33, 36, 37, 38, 37, 40, 38]
[-6, -3, -1, -1, 1, -3, 2]
eq:0 hi:1 inc:2 dec:4
UNSAFE-----------------

[74, 81, 82, 84, 85, 84, 86, 86]
[-7, -1, -2, -1, 1, -2, 0]
eq:1 hi:1 inc:1 dec:4
UNSAFE-----------------

[19, 26, 23, 25, 26, 28, 32]
[-7, 3, -2, -1, -2, -4]
eq:0 hi:2 inc:1 dec:3
UNSAFE-----------------

[77, 83, 84, 81, 88]
[-6, -1, 3, -7]
eq:0 hi:2 inc:1 dec:1
UNSAFE-----------------

[48, 55, 58, 61, 64, 64, 65]
[-7, -3, -3, -3, 0, -1]
eq:1 hi:1 inc:0 dec:4
UNSAFE-----------------

[40, 45, 47, 47, 48, 49, 47]
[-5, -2, 0, -1, -1, 2]
eq:1 hi:1 inc:1 dec:3
UNSAFE-----------------

[58, 63, 65, 67, 70, 71, 71, 71]
[-5, -2, -2, -3, -1, 0, 0]
eq:2 hi:1 inc:0 dec:4
UNSAFE-----------------

[30, 35, 36, 39, 39, 42, 46]
[-5, -1, -3, 0, -3, -4]
eq:1 hi:2 inc:0 dec:3
UNSAFE-----------------

[74, 81, 83, 86, 86, 92]
[-7, -2, -3, 0, -6]
eq:1 hi:2 inc:0 dec:2
UNSAFE-----------------

[67, 72, 74, 76, 79, 83, 84, 85]
[-5, -2, -2, -3, -4, -1, -1]
eq:0 hi:2 inc:0 dec:5
UNSAFE-----------------

[49, 54, 56, 60, 61, 62, 61]
[-5, -2, -4, -1, -1, 1]
eq:0 hi:2 inc:1 dec:3
UNSAFE-----------------

[62, 67, 71, 73, 74, 74]
[-5, -4, -2, -1, 0]
eq:1 hi:2 inc:0 dec:2
UNSAFE-----------------

[38, 43, 47, 48, 51, 54, 57, 61]
[-5, -4, -1, -3, -3, -3, -4]
eq:0 hi:3 inc:0 dec:4
UNSAFE-----------------

[19, 26, 27, 30, 34, 40]
[-7, -1, -3, -4, -6]
eq:0 hi:3 inc:0 dec:2
UNSAFE-----------------

[41, 46, 52, 54, 55, 56]
[-5, -6, -2, -1, -1]
eq:0 hi:2 inc:0 dec:3
UNSAFE-----------------

[36, 42, 44, 50, 51, 50]
[-6, -2, -6, -1, 1]
eq:0 hi:2 inc:1 dec:2
UNSAFE-----------------

[11, 17, 20, 21, 26, 29, 30, 30]
[-6, -3, -1, -5, -3, -1, 0]
eq:1 hi:2 inc:0 dec:4
UNSAFE-----------------

[24, 30, 33, 39, 41, 42, 46]
[-6, -3, -6, -2, -1, -4]
eq:0 hi:3 inc:0 dec:3
UNSAFE-----------------

[3, 8, 11, 17, 19, 25]
[-5, -3, -6, -2, -6]
eq:0 hi:3 inc:0 dec:2
UNSAFE-----------------

[85, 84, 81, 80, 79, 76, 79]
[1, 3, 1, 1, 3, -3]
eq:0 hi:0 inc:5 dec:1
safe

[17, 14, 12, 10, 10]
[3, 2, 2, 0]
eq:1 hi:0 inc:3 dec:0
safe

[30, 27, 25, 23, 19]
[3, 2, 2, 4]
eq:0 hi:1 inc:3 dec:0
safe

[23, 20, 18, 15, 14, 7]
[3, 2, 3, 1, 7]
eq:0 hi:1 inc:4 dec:0
safe

[38, 36, 35, 33, 34, 32]
[2, 1, 2, -1, 2]
eq:0 hi:0 inc:4 dec:1
safe

[59, 58, 56, 57, 56, 54, 56]
[1, 2, -1, 1, 2, -2]
eq:0 hi:0 inc:4 dec:2
UNSAFE-----------------

[45, 44, 46, 44, 41, 41]
[1, -2, 2, 3, 0]
eq:1 hi:0 inc:3 dec:1
UNSAFE-----------------

[24, 21, 19, 16, 18, 16, 13, 9]
[3, 2, 3, -2, 2, 3, 4]
eq:0 hi:1 inc:5 dec:1
UNSAFE-----------------

[79, 77, 75, 73, 72, 74, 72, 66]
[2, 2, 2, 1, -2, 2, 6]
eq:0 hi:1 inc:5 dec:1
UNSAFE-----------------

[43, 42, 39, 39, 37]
[1, 3, 0, 2]
eq:1 hi:0 inc:3 dec:0
safe

[33, 30, 28, 28, 25, 24, 22, 24]
[3, 2, 0, 3, 1, 2, -2]
eq:1 hi:0 inc:5 dec:1
UNSAFE-----------------

[15, 13, 11, 10, 10, 9, 6, 6]
[2, 2, 1, 0, 1, 3, 0]
eq:2 hi:0 inc:5 dec:0
UNSAFE-----------------

[94, 93, 91, 91, 88, 84]
[1, 2, 0, 3, 4]
eq:1 hi:1 inc:3 dec:0
UNSAFE-----------------

[52, 50, 50, 47, 42]
[2, 0, 3, 5]
eq:1 hi:1 inc:2 dec:0
UNSAFE-----------------

[59, 57, 54, 50, 47, 46, 44, 42]
[2, 3, 4, 3, 1, 2, 2]
eq:0 hi:1 inc:6 dec:0
safe

[16, 14, 12, 8, 6, 8]
[2, 2, 4, 2, -2]
eq:0 hi:1 inc:3 dec:1
UNSAFE-----------------

[91, 88, 84, 82, 82]
[3, 4, 2, 0]
eq:1 hi:1 inc:2 dec:0
UNSAFE-----------------

[34, 31, 30, 26, 24, 23, 19]
[3, 1, 4, 2, 1, 4]
eq:0 hi:2 inc:4 dec:0
UNSAFE-----------------

[85, 84, 81, 79, 78, 74, 68]
[1, 3, 2, 1, 4, 6]
eq:0 hi:2 inc:4 dec:0
UNSAFE-----------------

[94, 93, 91, 90, 87, 82, 79, 78]
[1, 2, 1, 3, 5, 3, 1]
eq:0 hi:1 inc:6 dec:0
safe

[28, 25, 18, 16, 17]
[3, 7, 2, -1]
eq:0 hi:1 inc:2 dec:1
UNSAFE-----------------

[78, 75, 69, 68, 67, 64, 61, 61]
[3, 6, 1, 1, 3, 3, 0]
eq:1 hi:1 inc:5 dec:0
UNSAFE-----------------

[37, 34, 28, 26, 22]
[3, 6, 2, 4]
eq:0 hi:2 inc:2 dec:0
UNSAFE-----------------

[98, 96, 95, 90, 83]
[2, 1, 5, 7]
eq:0 hi:2 inc:2 dec:0
UNSAFE-----------------

[48, 51, 50, 47, 46]
[-3, 1, 3, 1]
eq:0 hi:0 inc:3 dec:1
safe

[38, 39, 37, 36, 38]
[-1, 2, 1, -2]
eq:0 hi:0 inc:2 dec:2
UNSAFE-----------------

[49, 51, 49, 47, 45, 44, 44]
[-2, 2, 2, 2, 1, 0]
eq:1 hi:0 inc:4 dec:1
UNSAFE-----------------

[61, 64, 63, 60, 58, 54]
[-3, 1, 3, 2, 4]
eq:0 hi:1 inc:3 dec:1
UNSAFE-----------------

[18, 19, 18, 16, 11]
[-1, 1, 2, 5]
eq:0 hi:1 inc:2 dec:1
UNSAFE-----------------

[88, 89, 88, 90, 87, 85, 84, 82]
[-1, 1, -2, 3, 2, 1, 2]
eq:0 hi:0 inc:5 dec:2
UNSAFE-----------------

[6, 8, 11, 10, 11]
[-2, -3, 1, -1]
eq:0 hi:0 inc:1 dec:3
safe

[91, 93, 90, 87, 84, 87, 85, 85]
[-2, 3, 3, 3, -3, 2, 0]
eq:1 hi:0 inc:4 dec:2
UNSAFE-----------------

[77, 80, 78, 81, 80, 78, 74]
[-3, 2, -3, 1, 2, 4]
eq:0 hi:1 inc:3 dec:2
UNSAFE-----------------

[21, 24, 25, 22, 17]
[-3, -1, 3, 5]
eq:0 hi:1 inc:1 dec:2
UNSAFE-----------------

[86, 88, 85, 82, 82, 80]
[-2, 3, 3, 0, 2]
eq:1 hi:0 inc:3 dec:1
UNSAFE-----------------

[51, 53, 51, 51, 50, 48, 49]
[-2, 2, 0, 1, 2, -1]
eq:1 hi:0 inc:3 dec:2
UNSAFE-----------------

[53, 55, 55, 52, 50, 49, 49]
[-2, 0, 3, 2, 1, 0]
eq:2 hi:0 inc:3 dec:1
UNSAFE-----------------

[27, 30, 29, 29, 25]
[-3, 1, 0, 4]
eq:1 hi:1 inc:1 dec:1
UNSAFE-----------------

[54, 55, 52, 50, 50, 47, 41]
[-1, 3, 2, 0, 3, 6]
eq:1 hi:1 inc:3 dec:1
UNSAFE-----------------

[59, 61, 60, 56, 53, 50, 48]
[-2, 1, 4, 3, 3, 2]
eq:0 hi:1 inc:4 dec:1
UNSAFE-----------------

[82, 85, 81, 79, 78, 75, 77]
[-3, 4, 2, 1, 3, -2]
eq:0 hi:1 inc:3 dec:2
UNSAFE-----------------

[59, 61, 59, 55, 53, 53]
[-2, 2, 4, 2, 0]
eq:1 hi:1 inc:2 dec:1
UNSAFE-----------------

[27, 29, 26, 22, 20, 19, 18, 14]
[-2, 3, 4, 2, 1, 1, 4]
eq:0 hi:2 inc:4 dec:1
UNSAFE-----------------

[51, 52, 49, 45, 38]
[-1, 3, 4, 7]
eq:0 hi:2 inc:1 dec:1
UNSAFE-----------------

[39, 40, 38, 37, 36, 35, 29, 26]
[-1, 2, 1, 1, 1, 6, 3]
eq:0 hi:1 inc:5 dec:1
UNSAFE-----------------

[65, 66, 65, 59, 57, 56, 54, 56]
[-1, 1, 6, 2, 1, 2, -2]
eq:0 hi:1 inc:4 dec:2
UNSAFE-----------------

[93, 94, 92, 87, 86, 86]
[-1, 2, 5, 1, 0]
eq:1 hi:1 inc:2 dec:1
UNSAFE-----------------

[39, 41, 40, 37, 31, 28, 24]
[-2, 1, 3, 6, 3, 4]
eq:0 hi:2 inc:3 dec:1
UNSAFE-----------------

[43, 46, 39, 36, 30]
[-3, 7, 3, 6]
eq:0 hi:2 inc:1 dec:1
UNSAFE-----------------

[46, 46, 44, 43, 40]
[0, 2, 1, 3]
eq:1 hi:0 inc:3 dec:0
safe

[42, 42, 41, 38, 36, 34, 37]
[0, 1, 3, 2, 2, -3]
eq:1 hi:0 inc:4 dec:1
UNSAFE-----------------

[45, 45, 44, 42, 39, 37, 34, 34]
[0, 1, 2, 3, 2, 3, 0]
eq:2 hi:0 inc:5 dec:0
UNSAFE-----------------

[81, 81, 80, 78, 75, 71]
[0, 1, 2, 3, 4]
eq:1 hi:1 inc:3 dec:0
UNSAFE-----------------

[29, 29, 28, 26, 25, 22, 16]
[0, 1, 2, 1, 3, 6]
eq:1 hi:1 inc:4 dec:0
UNSAFE-----------------

[83, 83, 82, 85, 84]
[0, 1, -3, 1]
eq:1 hi:0 inc:2 dec:1
UNSAFE-----------------

[70, 70, 67, 66, 69, 67, 70]
[0, 3, 1, -3, 2, -3]
eq:1 hi:0 inc:3 dec:2
UNSAFE-----------------

[31, 31, 29, 32, 32]
[0, 2, -3, 0]
eq:2 hi:0 inc:1 dec:1
UNSAFE-----------------

[47, 47, 44, 46, 42]
[0, 3, -2, 4]
eq:1 hi:1 inc:1 dec:1
UNSAFE-----------------

[11, 11, 12, 11, 10, 3]
[0, -1, 1, 1, 7]
eq:1 hi:1 inc:2 dec:1
UNSAFE-----------------

[81, 81, 79, 77, 77, 76]
[0, 2, 2, 0, 1]
eq:2 hi:0 inc:3 dec:0
UNSAFE-----------------

[79, 79, 79, 76, 78]
[0, 0, 3, -2]
eq:2 hi:0 inc:1 dec:1
UNSAFE-----------------

[28, 28, 25, 25, 25]
[0, 3, 0, 0]
eq:3 hi:0 inc:1 dec:0
UNSAFE-----------------

[66, 66, 63, 60, 60, 58, 55, 51]
[0, 3, 3, 0, 2, 3, 4]
eq:2 hi:1 inc:4 dec:0
UNSAFE-----------------

[18, 18, 18, 15, 14, 12, 5]
[0, 0, 3, 1, 2, 7]
eq:2 hi:1 inc:3 dec:0
UNSAFE-----------------

[35, 35, 33, 31, 30, 26, 24]
[0, 2, 2, 1, 4, 2]
eq:1 hi:1 inc:4 dec:0
UNSAFE-----------------

[7, 7, 3, 2, 5]
[0, 4, 1, -3]
eq:1 hi:1 inc:1 dec:1
UNSAFE-----------------

[76, 76, 74, 73, 69, 67, 66, 66]
[0, 2, 1, 4, 2, 1, 0]
eq:2 hi:1 inc:4 dec:0
UNSAFE-----------------

[30, 30, 28, 24, 23, 22, 18]
[0, 2, 4, 1, 1, 4]
eq:1 hi:2 inc:3 dec:0
UNSAFE-----------------

[92, 92, 89, 85, 84, 82, 75]
[0, 3, 4, 1, 2, 7]
eq:1 hi:2 inc:3 dec:0
UNSAFE-----------------

[42, 42, 41, 38, 36, 30, 29, 26]
[0, 1, 3, 2, 6, 1, 3]
eq:1 hi:1 inc:5 dec:0
UNSAFE-----------------

[74, 74, 73, 70, 68, 61, 58, 60]
[0, 1, 3, 2, 7, 3, -2]
eq:1 hi:1 inc:4 dec:1
UNSAFE-----------------

[74, 74, 72, 67, 67]
[0, 2, 5, 0]
eq:2 hi:1 inc:1 dec:0
UNSAFE-----------------

[76, 76, 69, 66, 63, 59]
[0, 7, 3, 3, 4]
eq:1 hi:2 inc:2 dec:0
UNSAFE-----------------

[66, 66, 63, 62, 61, 55, 54, 49]
[0, 3, 1, 1, 6, 1, 5]
eq:1 hi:2 inc:4 dec:0
UNSAFE-----------------

[97, 93, 91, 88, 85, 82, 79, 76]
[4, 2, 3, 3, 3, 3, 3]
eq:0 hi:1 inc:6 dec:0
safe

[58, 54, 52, 49, 46, 43, 46]
[4, 2, 3, 3, 3, -3]
eq:0 hi:1 inc:4 dec:1
UNSAFE-----------------

[92, 88, 85, 82, 80, 79, 79]
[4, 3, 3, 2, 1, 0]
eq:1 hi:1 inc:4 dec:0
UNSAFE-----------------

[86, 82, 80, 79, 76, 74, 70]
[4, 2, 1, 3, 2, 4]
eq:0 hi:2 inc:4 dec:0
UNSAFE-----------------

[32, 28, 25, 22, 20, 13]
[4, 3, 3, 2, 7]
eq:0 hi:2 inc:3 dec:0
UNSAFE-----------------

[68, 64, 61, 59, 57, 54, 55, 53]
[4, 3, 2, 2, 3, -1, 2]
eq:0 hi:1 inc:5 dec:1
UNSAFE-----------------

[72, 68, 70, 67, 64, 67]
[4, -2, 3, 3, -3]
eq:0 hi:1 inc:2 dec:2
UNSAFE-----------------

[96, 92, 95, 94, 92, 92]
[4, -3, 1, 2, 0]
eq:1 hi:1 inc:2 dec:1
UNSAFE-----------------

[58, 54, 52, 54, 51, 47]
[4, 2, -2, 3, 4]
eq:0 hi:2 inc:2 dec:1
UNSAFE-----------------

[39, 35, 33, 32, 34, 32, 26]
[4, 2, 1, -2, 2, 6]
eq:0 hi:2 inc:3 dec:1
UNSAFE-----------------

[87, 83, 81, 79, 76, 76, 73, 70]
[4, 2, 2, 3, 0, 3, 3]
eq:1 hi:1 inc:5 dec:0
UNSAFE-----------------

[54, 50, 49, 49, 50]
[4, 1, 0, -1]
eq:1 hi:1 inc:1 dec:1
UNSAFE-----------------

[78, 74, 74, 73, 73]
[4, 0, 1, 0]
eq:2 hi:1 inc:1 dec:0
UNSAFE-----------------

[53, 49, 49, 47, 45, 41]
[4, 0, 2, 2, 4]
eq:1 hi:2 inc:2 dec:0
UNSAFE-----------------

[64, 60, 60, 59, 57, 55, 52, 46]
[4, 0, 1, 2, 2, 3, 6]
eq:1 hi:2 inc:4 dec:0
UNSAFE-----------------

[64, 60, 59, 55, 54]
[4, 1, 4, 1]
eq:0 hi:2 inc:2 dec:0
UNSAFE-----------------

[13, 9, 5, 4, 7]
[4, 4, 1, -3]
eq:0 hi:2 inc:1 dec:1
UNSAFE-----------------

[23, 19, 17, 15, 11, 11]
[4, 2, 2, 4, 0]
eq:1 hi:2 inc:2 dec:0
UNSAFE-----------------

[86, 82, 80, 79, 75, 72, 69, 65]
[4, 2, 1, 4, 3, 3, 4]
eq:0 hi:3 inc:4 dec:0
UNSAFE-----------------

[88, 84, 80, 77, 76, 70]
[4, 4, 3, 1, 6]
eq:0 hi:3 inc:2 dec:0
UNSAFE-----------------

[89, 85, 83, 82, 75, 73, 70]
[4, 2, 1, 7, 2, 3]
eq:0 hi:2 inc:4 dec:0
UNSAFE-----------------

[86, 82, 77, 76, 74, 72, 69, 70]
[4, 5, 1, 2, 2, 3, -1]
eq:0 hi:2 inc:4 dec:1
UNSAFE-----------------

[32, 28, 25, 23, 22, 21, 14, 14]
[4, 3, 2, 1, 1, 7, 0]
eq:1 hi:2 inc:4 dec:0
UNSAFE-----------------

[77, 73, 70, 68, 61, 59, 57, 53]
[4, 3, 2, 7, 2, 2, 4]
eq:0 hi:3 inc:4 dec:0
UNSAFE-----------------

[58, 54, 48, 47, 46, 45, 39]
[4, 6, 1, 1, 1, 6]
eq:0 hi:3 inc:3 dec:0
UNSAFE-----------------

[16, 11, 9, 7, 4, 1]
[5, 2, 2, 3, 3]
eq:0 hi:1 inc:4 dec:0
safe

[24, 17, 14, 13, 14]
[7, 3, 1, -1]
eq:0 hi:1 inc:2 dec:1
UNSAFE-----------------

[71, 65, 63, 61, 58, 56, 53, 53]
[6, 2, 2, 3, 2, 3, 0]
eq:1 hi:1 inc:5 dec:0
UNSAFE-----------------

[85, 80, 79, 77, 76, 75, 71]
[5, 1, 2, 1, 1, 4]
eq:0 hi:2 inc:4 dec:0
UNSAFE-----------------

[83, 77, 76, 74, 73, 70, 67, 60]
[6, 1, 2, 1, 3, 3, 7]
eq:0 hi:2 inc:5 dec:0
UNSAFE-----------------

[88, 83, 80, 81, 79, 77, 75]
[5, 3, -1, 2, 2, 2]
eq:0 hi:1 inc:4 dec:1
UNSAFE-----------------

[72, 67, 69, 67, 65, 63, 61, 64]
[5, -2, 2, 2, 2, 2, -3]
eq:0 hi:1 inc:4 dec:2
UNSAFE-----------------

[18, 12, 9, 12, 12]
[6, 3, -3, 0]
eq:1 hi:1 inc:1 dec:1
UNSAFE-----------------

[89, 83, 81, 78, 75, 76, 74, 70]
[6, 2, 3, 3, -1, 2, 4]
eq:0 hi:2 inc:4 dec:1
UNSAFE-----------------

[46, 41, 39, 36, 37, 32]
[5, 2, 3, -1, 5]
eq:0 hi:2 inc:2 dec:1
UNSAFE-----------------

[83, 78, 75, 74, 71, 71, 69, 67]
[5, 3, 1, 3, 0, 2, 2]
eq:1 hi:1 inc:5 dec:0
UNSAFE-----------------

[47, 40, 40, 39, 38, 35, 32, 35]
[7, 0, 1, 1, 3, 3, -3]
eq:1 hi:1 inc:4 dec:1
UNSAFE-----------------

[46, 41, 39, 37, 37, 37]
[5, 2, 2, 0, 0]
eq:2 hi:1 inc:2 dec:0
UNSAFE-----------------

[58, 51, 48, 48, 47, 45, 41]
[7, 3, 0, 1, 2, 4]
eq:1 hi:2 inc:3 dec:0
UNSAFE-----------------

[65, 60, 60, 59, 53]
[5, 0, 1, 6]
eq:1 hi:2 inc:1 dec:0
UNSAFE-----------------

[26, 19, 15, 13, 12]
[7, 4, 2, 1]
eq:0 hi:2 inc:2 dec:0
UNSAFE-----------------

[17, 11, 9, 8, 4, 5]
[6, 2, 1, 4, -1]
eq:0 hi:2 inc:2 dec:1
UNSAFE-----------------

[89, 83, 82, 80, 76, 75, 73, 73]
[6, 1, 2, 4, 1, 2, 0]
eq:1 hi:2 inc:4 dec:0
UNSAFE-----------------

[71, 66, 63, 62, 59, 55, 51]
[5, 3, 1, 3, 4, 4]
eq:0 hi:3 inc:3 dec:0
UNSAFE-----------------

[78, 73, 69, 67, 60]
[5, 4, 2, 7]
eq:0 hi:3 inc:1 dec:0
UNSAFE-----------------

[39, 32, 26, 24, 23, 22, 19]
[7, 6, 2, 1, 1, 3]
eq:0 hi:2 inc:4 dec:0
UNSAFE-----------------

[70, 64, 59, 57, 54, 51, 50, 51]
[6, 5, 2, 3, 3, 1, -1]
eq:0 hi:2 inc:4 dec:1
UNSAFE-----------------

[30, 23, 18, 15, 15]
[7, 5, 3, 0]
eq:1 hi:2 inc:1 dec:0
UNSAFE-----------------

[79, 72, 69, 64, 60]
[7, 3, 5, 4]
eq:0 hi:3 inc:1 dec:0
UNSAFE-----------------

[25, 19, 16, 11, 8, 2]
[6, 3, 5, 3, 6]
eq:0 hi:3 inc:2 dec:0
UNSAFE-----------------

[48, 44, 42, 39, 39]
[4, 2, 3, 0]
eq:1 hi:1 inc:2 dec:0
UNSAFE-----------------

[4, 8, 14, 17, 17]
[-4, -6, -3, 0]
eq:1 hi:2 inc:0 dec:1
UNSAFE-----------------

[92, 91, 90, 89, 86, 86]
[1, 1, 1, 3, 0]
eq:1 hi:0 inc:4 dec:0
safe

[16, 19, 15, 13, 12, 6]
[-3, 4, 2, 1, 6]
eq:0 hi:2 inc:2 dec:1
UNSAFE-----------------

[39, 36, 29, 28, 31]
[3, 7, 1, -3]
eq:0 hi:1 inc:2 dec:1
UNSAFE-----------------

[78, 75, 77, 78, 79, 79]
[3, -2, -1, -1, 0]
eq:1 hi:0 inc:1 dec:3
UNSAFE-----------------

[20, 24, 26, 29, 33, 37]
[-4, -2, -3, -4, -4]
eq:0 hi:3 inc:0 dec:2
UNSAFE-----------------

[81, 78, 82, 85, 86]
[3, -4, -3, -1]
eq:0 hi:1 inc:1 dec:2
UNSAFE-----------------

[41, 37, 30, 29, 28, 26, 24, 24]
[4, 7, 1, 1, 2, 2, 0]
eq:1 hi:2 inc:4 dec:0
UNSAFE-----------------

[68, 73, 80, 82, 81]
[-5, -7, -2, 1]
eq:0 hi:2 inc:1 dec:1
UNSAFE-----------------

[90, 88, 87, 84, 81, 78, 76]
[2, 1, 3, 3, 3, 2]
eq:0 hi:0 inc:6 dec:0
safe

[86, 84, 83, 80, 77, 76, 75, 73]
[2, 1, 3, 3, 1, 1, 2]
eq:0 hi:0 inc:7 dec:0
safe

[69, 67, 65, 62, 60]
[2, 2, 3, 2]
eq:0 hi:0 inc:4 dec:0
safe

[22, 24, 26, 29, 32, 34]
[-2, -2, -3, -3, -2]
eq:0 hi:0 inc:0 dec:5
safe

[14, 12, 10, 7, 4]
[2, 2, 3, 3]
eq:0 hi:0 inc:4 dec:0
safe

[69, 71, 73, 75, 78, 81]
[-2, -2, -2, -3, -3]
eq:0 hi:0 inc:0 dec:5
safe

[51, 48, 45, 42, 40, 38, 37, 36]
[3, 3, 3, 2, 2, 1, 1]
eq:0 hi:0 inc:7 dec:0
safe

[50, 51, 53, 56, 58]
[-1, -2, -3, -2]
eq:0 hi:0 inc:0 dec:4
safe

[96, 94, 93, 92, 89]
[2, 1, 1, 3]
eq:0 hi:0 inc:4 dec:0
safe

[59, 58, 55, 54, 53, 51]
[1, 3, 1, 1, 2]
eq:0 hi:0 inc:5 dec:0
safe

[43, 42, 41, 38, 35]
[1, 1, 3, 3]
eq:0 hi:0 inc:4 dec:0
safe

[61, 63, 65, 67, 70]
[-2, -2, -2, -3]
eq:0 hi:0 inc:0 dec:4
safe

[97, 96, 95, 94, 93, 91, 89, 88]
[1, 1, 1, 1, 2, 2, 1]
eq:0 hi:0 inc:7 dec:0
safe

[17, 16, 15, 12, 11, 8, 5]
[1, 1, 3, 1, 3, 3]
eq:0 hi:0 inc:6 dec:0
safe

[17, 19, 20, 23, 26]
[-2, -1, -3, -3]
eq:0 hi:0 inc:0 dec:4
safe

[44, 47, 48, 49, 52, 53, 54, 57]
[-3, -1, -1, -3, -1, -1, -3]
eq:0 hi:0 inc:0 dec:7
safe

[53, 52, 51, 49, 48, 47, 44]
[1, 1, 2, 1, 1, 3]
eq:0 hi:0 inc:6 dec:0
safe

[84, 83, 81, 80, 77, 74, 73, 71]
[1, 2, 1, 3, 3, 1, 2]
eq:0 hi:0 inc:7 dec:0
safe

[24, 22, 21, 18, 15, 12]
[2, 1, 3, 3, 3]
eq:0 hi:0 inc:5 dec:0
safe

[71, 74, 75, 76, 77, 79, 82, 85]
[-3, -1, -1, -1, -2, -3, -3]
eq:0 hi:0 inc:0 dec:7
safe

[5, 8, 11, 12, 14, 15, 18, 21]
[-3, -3, -1, -2, -1, -3, -3]
eq:0 hi:0 inc:0 dec:7
safe

[35, 37, 39, 41, 43, 46]
[-2, -2, -2, -2, -3]
eq:0 hi:0 inc:0 dec:5
safe

[41, 44, 47, 48, 50, 51, 53]
[-3, -3, -1, -2, -1, -2]
eq:0 hi:0 inc:0 dec:6
safe

[46, 43, 40, 37, 35, 34, 31]
[3, 3, 3, 2, 1, 3]
eq:0 hi:0 inc:6 dec:0
safe

[30, 27, 24, 22, 19, 16, 13]
[3, 3, 2, 3, 3, 3]
eq:0 hi:0 inc:6 dec:0
safe

[54, 57, 58, 61, 63, 66]
[-3, -1, -3, -2, -3]
eq:0 hi:0 inc:0 dec:5
safe

[77, 80, 82, 85, 86]
[-3, -2, -3, -1]
eq:0 hi:0 inc:0 dec:4
safe

[60, 63, 65, 68, 70, 71]
[-3, -2, -3, -2, -1]
eq:0 hi:0 inc:0 dec:5
safe

[83, 85, 86, 88, 89, 90, 91, 94]
[-2, -1, -2, -1, -1, -1, -3]
eq:0 hi:0 inc:0 dec:7
safe

[72, 71, 68, 65, 64, 63, 60]
[1, 3, 3, 1, 1, 3]
eq:0 hi:0 inc:6 dec:0
safe

[59, 60, 63, 64, 66]
[-1, -3, -1, -2]
eq:0 hi:0 inc:0 dec:4
safe

[60, 57, 56, 55, 53, 50]
[3, 1, 1, 2, 3]
eq:0 hi:0 inc:5 dec:0
safe

[54, 57, 60, 61, 62]
[-3, -3, -1, -1]
eq:0 hi:0 inc:0 dec:4
safe

[56, 59, 60, 61, 63, 66, 68, 71]
[-3, -1, -1, -2, -3, -2, -3]
eq:0 hi:0 inc:0 dec:7
safe

[57, 58, 61, 64, 66]
[-1, -3, -3, -2]
eq:0 hi:0 inc:0 dec:4
safe

[61, 62, 63, 65, 68, 69]
[-1, -1, -2, -3, -1]
eq:0 hi:0 inc:0 dec:5
safe

[32, 30, 27, 26, 23, 22]
[2, 3, 1, 3, 1]
eq:0 hi:0 inc:5 dec:0
safe

[54, 52, 49, 48, 46, 43, 41]
[2, 3, 1, 2, 3, 2]
eq:0 hi:0 inc:6 dec:0
safe

[20, 22, 23, 24, 25]
[-2, -1, -1, -1]
eq:0 hi:0 inc:0 dec:4
safe

[28, 27, 24, 21, 20, 18, 15]
[1, 3, 3, 1, 2, 3]
eq:0 hi:0 inc:6 dec:0
safe

[75, 73, 70, 67, 65]
[2, 3, 3, 2]
eq:0 hi:0 inc:4 dec:0
safe

[80, 78, 75, 74, 73, 72]
[2, 3, 1, 1, 1]
eq:0 hi:0 inc:5 dec:0
safe

[37, 36, 34, 31, 28, 26, 25, 24]
[1, 2, 3, 3, 2, 1, 1]
eq:0 hi:0 inc:7 dec:0
safe

[24, 26, 29, 32, 34]
[-2, -3, -3, -2]
eq:0 hi:0 inc:0 dec:4
safe

[86, 89, 91, 93, 94, 95, 97]
[-3, -2, -2, -1, -1, -2]
eq:0 hi:0 inc:0 dec:6
safe

[57, 54, 52, 49, 46, 44, 42, 41]
[3, 2, 3, 3, 2, 2, 1]
eq:0 hi:0 inc:7 dec:0
safe

[75, 72, 70, 69, 68, 65, 62, 61]
[3, 2, 1, 1, 3, 3, 1]
eq:0 hi:0 inc:7 dec:0
safe

[27, 29, 30, 31, 34, 35, 38, 41]
[-2, -1, -1, -3, -1, -3, -3]
eq:0 hi:0 inc:0 dec:7
safe

[17, 20, 23, 25, 28]
[-3, -3, -2, -3]
eq:0 hi:0 inc:0 dec:4
safe

[38, 36, 33, 31, 29, 26]
[2, 3, 2, 2, 3]
eq:0 hi:0 inc:5 dec:0
safe

[98, 95, 92, 91, 89]
[3, 3, 1, 2]
eq:0 hi:0 inc:4 dec:0
safe

[14, 13, 10, 9, 6, 4, 2]
[1, 3, 1, 3, 2, 2]
eq:0 hi:0 inc:6 dec:0
safe

[24, 26, 29, 31, 33]
[-2, -3, -2, -2]
eq:0 hi:0 inc:0 dec:4
safe

[44, 46, 48, 50, 52, 54, 55]
[-2, -2, -2, -2, -2, -1]
eq:0 hi:0 inc:0 dec:6
safe

[46, 45, 43, 40, 39, 38, 36]
[1, 2, 3, 1, 1, 2]
eq:0 hi:0 inc:6 dec:0
safe

[16, 17, 18, 20, 22, 24, 27]
[-1, -1, -2, -2, -2, -3]
eq:0 hi:0 inc:0 dec:6
safe

[89, 90, 93, 96, 97]
[-1, -3, -3, -1]
eq:0 hi:0 inc:0 dec:4
safe

[55, 56, 58, 59, 60, 61, 64, 65]
[-1, -2, -1, -1, -1, -3, -1]
eq:0 hi:0 inc:0 dec:7
safe

[68, 69, 72, 75, 77]
[-1, -3, -3, -2]
eq:0 hi:0 inc:0 dec:4
safe

[75, 74, 72, 69, 68]
[1, 2, 3, 1]
eq:0 hi:0 inc:4 dec:0
safe

[63, 65, 68, 69, 70, 73]
[-2, -3, -1, -1, -3]
eq:0 hi:0 inc:0 dec:5
safe

[65, 67, 70, 73, 75, 76]
[-2, -3, -3, -2, -1]
eq:0 hi:0 inc:0 dec:5
safe

[72, 71, 68, 65, 62, 60, 58, 56]
[1, 3, 3, 3, 2, 2, 2]
eq:0 hi:0 inc:7 dec:0
safe

[19, 22, 23, 25, 27, 29]
[-3, -1, -2, -2, -2]
eq:0 hi:0 inc:0 dec:5
safe

[35, 37, 38, 40, 41, 43, 46]
[-2, -1, -2, -1, -2, -3]
eq:0 hi:0 inc:0 dec:6
safe

[22, 24, 25, 26, 28, 29, 31]
[-2, -1, -1, -2, -1, -2]
eq:0 hi:0 inc:0 dec:6
safe

[54, 52, 49, 47, 45, 42]
[2, 3, 2, 2, 3]
eq:0 hi:0 inc:5 dec:0
safe

[8, 9, 12, 13, 14, 17, 18]
[-1, -3, -1, -1, -3, -1]
eq:0 hi:0 inc:0 dec:6
safe

[55, 53, 52, 51, 48]
[2, 1, 1, 3]
eq:0 hi:0 inc:4 dec:0
safe

[27, 24, 23, 20, 17, 16, 13]
[3, 1, 3, 3, 1, 3]
eq:0 hi:0 inc:6 dec:0
safe

[65, 67, 70, 73, 76, 77, 80, 83]
[-2, -3, -3, -3, -1, -3, -3]
eq:0 hi:0 inc:0 dec:7
safe

[9, 11, 12, 14, 16, 18, 20, 22]
[-2, -1, -2, -2, -2, -2, -2]
eq:0 hi:0 inc:0 dec:7
safe

[18, 20, 21, 23, 25, 28, 31, 32]
[-2, -1, -2, -2, -3, -3, -1]
eq:0 hi:0 inc:0 dec:7
safe

[65, 67, 68, 70, 72, 74, 76]
[-2, -1, -2, -2, -2, -2]
eq:0 hi:0 inc:0 dec:6
safe

[17, 20, 23, 26, 28, 31]
[-3, -3, -3, -2, -3]
eq:0 hi:0 inc:0 dec:5
safe

[38, 39, 41, 43, 45, 46]
[-1, -2, -2, -2, -1]
eq:0 hi:0 inc:0 dec:5
safe

[69, 71, 73, 76, 77, 79]
[-2, -2, -3, -1, -2]
eq:0 hi:0 inc:0 dec:5
safe

[89, 90, 91, 94, 96, 97, 98]
[-1, -1, -3, -2, -1, -1]
eq:0 hi:0 inc:0 dec:6
safe

[87, 89, 92, 94, 96, 98, 99]
[-2, -3, -2, -2, -2, -1]
eq:0 hi:0 inc:0 dec:6
safe

[34, 36, 37, 38, 40, 42, 45]
[-2, -1, -1, -2, -2, -3]
eq:0 hi:0 inc:0 dec:6
safe

[13, 15, 18, 21, 24, 26, 28]
[-2, -3, -3, -3, -2, -2]
eq:0 hi:0 inc:0 dec:6
safe

[81, 80, 79, 77, 74, 73, 72, 69]
[1, 1, 2, 3, 1, 1, 3]
eq:0 hi:0 inc:7 dec:0
safe

[51, 50, 49, 46, 45]
[1, 1, 3, 1]
eq:0 hi:0 inc:4 dec:0
safe

[68, 65, 64, 61, 58]
[3, 1, 3, 3]
eq:0 hi:0 inc:4 dec:0
safe

[56, 55, 54, 52, 51, 50]
[1, 1, 2, 1, 1]
eq:0 hi:0 inc:5 dec:0
safe

[14, 13, 11, 10, 8, 7, 5]
[1, 2, 1, 2, 1, 2]
eq:0 hi:0 inc:6 dec:0
safe

[9, 12, 15, 16, 17, 18, 21]
[-3, -3, -1, -1, -1, -3]
eq:0 hi:0 inc:0 dec:6
safe

[86, 87, 90, 91, 94]
[-1, -3, -1, -3]
eq:0 hi:0 inc:0 dec:4
safe

[87, 86, 83, 82, 80, 77, 75, 74]
[1, 3, 1, 2, 3, 2, 1]
eq:0 hi:0 inc:7 dec:0
safe

[16, 17, 18, 21, 22, 24, 27, 30]
[-1, -1, -3, -1, -2, -3, -3]
eq:0 hi:0 inc:0 dec:7
safe

[38, 40, 42, 45, 48, 49]
[-2, -2, -3, -3, -1]
eq:0 hi:0 inc:0 dec:5
safe

[69, 67, 66, 65, 62, 59, 56, 54]
[2, 1, 1, 3, 3, 3, 2]
eq:0 hi:0 inc:7 dec:0
safe

[60, 58, 55, 54, 52, 50]
[2, 3, 1, 2, 2]
eq:0 hi:0 inc:5 dec:0
safe

[48, 46, 44, 41, 38]
[2, 2, 3, 3]
eq:0 hi:0 inc:4 dec:0
safe

[96, 94, 92, 90, 89]
[2, 2, 2, 1]
eq:0 hi:0 inc:4 dec:0
safe

[77, 79, 81, 82, 84]
[-2, -2, -1, -2]
eq:0 hi:0 inc:0 dec:4
safe

[99, 97, 94, 93, 92, 89, 87]
[2, 3, 1, 1, 3, 2]
eq:0 hi:0 inc:6 dec:0
safe

[82, 81, 78, 76, 73, 70, 67]
[1, 3, 2, 3, 3, 3]
eq:0 hi:0 inc:6 dec:0
safe

[75, 72, 71, 70, 68, 65, 63]
[3, 1, 1, 2, 3, 2]
eq:0 hi:0 inc:6 dec:0
safe

[17, 16, 15, 12, 11]
[1, 1, 3, 1]
eq:0 hi:0 inc:4 dec:0
safe

[41, 43, 45, 48, 51, 54, 56]
[-2, -2, -3, -3, -3, -2]
eq:0 hi:0 inc:0 dec:6
safe

[36, 34, 31, 30, 29, 28, 26, 23]
[2, 3, 1, 1, 1, 2, 3]
eq:0 hi:0 inc:7 dec:0
safe

[69, 68, 67, 65, 62]
[1, 1, 2, 3]
eq:0 hi:0 inc:4 dec:0
safe

[83, 81, 80, 77, 76, 73, 70, 68]
[2, 1, 3, 1, 3, 3, 2]
eq:0 hi:0 inc:7 dec:0
safe

[44, 41, 38, 36, 35, 32, 30]
[3, 3, 2, 1, 3, 2]
eq:0 hi:0 inc:6 dec:0
safe

[77, 78, 79, 80, 83, 86, 89]
[-1, -1, -1, -3, -3, -3]
eq:0 hi:0 inc:0 dec:6
safe

[45, 46, 48, 51, 53, 55]
[-1, -2, -3, -2, -2]
eq:0 hi:0 inc:0 dec:5
safe

[12, 14, 17, 18, 21, 23, 25, 27]
[-2, -3, -1, -3, -2, -2, -2]
eq:0 hi:0 inc:0 dec:7
safe

[39, 40, 42, 43, 44, 45, 47]
[-1, -2, -1, -1, -1, -2]
eq:0 hi:0 inc:0 dec:6
safe

[7, 9, 11, 14, 15, 17, 20, 22]
[-2, -2, -3, -1, -2, -3, -2]
eq:0 hi:0 inc:0 dec:7
safe

[65, 64, 63, 61, 58, 55]
[1, 1, 2, 3, 3]
eq:0 hi:0 inc:5 dec:0
safe

[35, 32, 30, 28, 25, 24]
[3, 2, 2, 3, 1]
eq:0 hi:0 inc:5 dec:0
safe

[7, 8, 10, 12, 14, 17, 18]
[-1, -2, -2, -2, -3, -1]
eq:0 hi:0 inc:0 dec:6
safe

[54, 53, 51, 49, 46]
[1, 2, 2, 3]
eq:0 hi:0 inc:4 dec:0
safe

[39, 38, 37, 36, 33]
[1, 1, 1, 3]
eq:0 hi:0 inc:4 dec:0
safe

[83, 84, 85, 86, 89, 92]
[-1, -1, -1, -3, -3]
eq:0 hi:0 inc:0 dec:5
safe

[23, 20, 17, 14, 13, 11, 9, 6]
[3, 3, 3, 1, 2, 2, 3]
eq:0 hi:0 inc:7 dec:0
safe

[31, 30, 29, 28, 26, 23, 21]
[1, 1, 1, 2, 3, 2]
eq:0 hi:0 inc:6 dec:0
safe

[37, 39, 41, 42, 43, 45]
[-2, -2, -1, -1, -2]
eq:0 hi:0 inc:0 dec:5
safe

[90, 87, 86, 85, 83, 80, 77, 75]
[3, 1, 1, 2, 3, 3, 2]
eq:0 hi:0 inc:7 dec:0
safe

[55, 54, 52, 50, 49, 47]
[1, 2, 2, 1, 2]
eq:0 hi:0 inc:5 dec:0
safe

[10, 12, 13, 16, 19, 21]
[-2, -1, -3, -3, -2]
eq:0 hi:0 inc:0 dec:5
safe

[51, 53, 54, 56, 58, 59, 61]
[-2, -1, -2, -2, -1, -2]
eq:0 hi:0 inc:0 dec:6
safe

[46, 49, 51, 53, 55]
[-3, -2, -2, -2]
eq:0 hi:0 inc:0 dec:4
safe

[83, 85, 88, 90, 93, 96, 97, 99]
[-2, -3, -2, -3, -3, -1, -2]
eq:0 hi:0 inc:0 dec:7
safe

[25, 27, 28, 31, 32]
[-2, -1, -3, -1]
eq:0 hi:0 inc:0 dec:4
safe

[34, 35, 38, 41, 44, 47, 49, 51]
[-1, -3, -3, -3, -3, -2, -2]
eq:0 hi:0 inc:0 dec:7
safe

[16, 15, 12, 10, 8, 5]
[1, 3, 2, 2, 3]
eq:0 hi:0 inc:5 dec:0
safe

[52, 50, 47, 44, 41, 39]
[2, 3, 3, 3, 2]
eq:0 hi:0 inc:5 dec:0
safe

[80, 83, 85, 86, 88, 89, 92]
[-3, -2, -1, -2, -1, -3]
eq:0 hi:0 inc:0 dec:6
safe

[34, 37, 38, 39, 40, 41, 42]
[-3, -1, -1, -1, -1, -1]
eq:0 hi:0 inc:0 dec:6
safe

[54, 56, 58, 61, 62, 63, 65]
[-2, -2, -3, -1, -1, -2]
eq:0 hi:0 inc:0 dec:6
safe

[23, 26, 28, 30, 32, 33]
[-3, -2, -2, -2, -1]
eq:0 hi:0 inc:0 dec:5
safe

[28, 26, 23, 22, 19, 16, 15, 13]
[2, 3, 1, 3, 3, 1, 2]
eq:0 hi:0 inc:7 dec:0
safe

[52, 55, 57, 59, 62]
[-3, -2, -2, -3]
eq:0 hi:0 inc:0 dec:4
safe

[76, 73, 71, 70, 69, 66, 64, 62]
[3, 2, 1, 1, 3, 2, 2]
eq:0 hi:0 inc:7 dec:0
safe

[73, 75, 78, 81, 83, 86, 87, 90]
[-2, -3, -3, -2, -3, -1, -3]
eq:0 hi:0 inc:0 dec:7
safe

[57, 55, 52, 50, 49, 47, 44]
[2, 3, 2, 1, 2, 3]
eq:0 hi:0 inc:6 dec:0
safe

[74, 76, 79, 82, 84, 85, 87]
[-2, -3, -3, -2, -1, -2]
eq:0 hi:0 inc:0 dec:6
safe

[27, 25, 24, 23, 20]
[2, 1, 1, 3]
eq:0 hi:0 inc:4 dec:0
safe

[91, 92, 93, 96, 98, 99]
[-1, -1, -3, -2, -1]
eq:0 hi:0 inc:0 dec:5
safe

[40, 41, 44, 46, 48, 50]
[-1, -3, -2, -2, -2]
eq:0 hi:0 inc:0 dec:5
safe

[45, 48, 50, 53, 54, 56]
[-3, -2, -3, -1, -2]
eq:0 hi:0 inc:0 dec:5
safe

[91, 89, 88, 87, 86]
[2, 1, 1, 1]
eq:0 hi:0 inc:4 dec:0
safe

[13, 16, 18, 20, 22, 24, 26]
[-3, -2, -2, -2, -2, -2]
eq:0 hi:0 inc:0 dec:6
safe

[87, 89, 90, 91, 94]
[-2, -1, -1, -3]
eq:0 hi:0 inc:0 dec:4
safe

[81, 82, 84, 86, 89, 90]
[-1, -2, -2, -3, -1]
eq:0 hi:0 inc:0 dec:5
safe

[59, 61, 62, 64, 67, 69]
[-2, -1, -2, -3, -2]
eq:0 hi:0 inc:0 dec:5
safe

[32, 29, 28, 25, 24, 22, 20]
[3, 1, 3, 1, 2, 2]
eq:0 hi:0 inc:6 dec:0
safe

[34, 32, 30, 28, 27, 26]
[2, 2, 2, 1, 1]
eq:0 hi:0 inc:5 dec:0
safe

[21, 22, 25, 27, 28, 31, 34, 35]
[-1, -3, -2, -1, -3, -3, -1]
eq:0 hi:0 inc:0 dec:7
safe

[59, 56, 53, 50, 49, 48, 47]
[3, 3, 3, 1, 1, 1]
eq:0 hi:0 inc:6 dec:0
safe

[74, 71, 69, 67, 65, 64, 63, 61]
[3, 2, 2, 2, 1, 1, 2]
eq:0 hi:0 inc:7 dec:0
safe

[48, 45, 42, 41, 38, 35, 32]
[3, 3, 1, 3, 3, 3]
eq:0 hi:0 inc:6 dec:0
safe

[51, 50, 47, 44, 43, 42]
[1, 3, 3, 1, 1]
eq:0 hi:0 inc:5 dec:0
safe

[35, 34, 33, 32, 31, 30, 29, 26]
[1, 1, 1, 1, 1, 1, 3]
eq:0 hi:0 inc:7 dec:0
safe

[83, 80, 77, 75, 74, 72, 69]
[3, 3, 2, 1, 2, 3]
eq:0 hi:0 inc:6 dec:0
safe

[32, 29, 28, 27, 26, 24, 21]
[3, 1, 1, 1, 2, 3]
eq:0 hi:0 inc:6 dec:0
safe

[68, 70, 71, 74, 75, 78, 80]
[-2, -1, -3, -1, -3, -2]
eq:0 hi:0 inc:0 dec:6
safe

[23, 25, 27, 30, 33, 36, 39, 42]
[-2, -2, -3, -3, -3, -3, -3]
eq:0 hi:0 inc:0 dec:7
safe

[35, 36, 38, 40, 41, 42, 43, 45]
[-1, -2, -2, -1, -1, -1, -2]
eq:0 hi:0 inc:0 dec:7
safe

[58, 60, 61, 62, 63]
[-2, -1, -1, -1]
eq:0 hi:0 inc:0 dec:4
safe

[35, 37, 40, 42, 45, 47, 50]
[-2, -3, -2, -3, -2, -3]
eq:0 hi:0 inc:0 dec:6
safe

[87, 86, 84, 82, 81]
[1, 2, 2, 1]
eq:0 hi:0 inc:4 dec:0
safe

[33, 36, 39, 40, 42, 44]
[-3, -3, -1, -2, -2]
eq:0 hi:0 inc:0 dec:5
safe

[8, 5, 4, 2, 1]
[3, 1, 2, 1]
eq:0 hi:0 inc:4 dec:0
safe

[68, 66, 63, 61, 58]
[2, 3, 2, 3]
eq:0 hi:0 inc:4 dec:0
safe

[34, 32, 31, 29, 26, 25, 22]
[2, 1, 2, 3, 1, 3]
eq:0 hi:0 inc:6 dec:0
safe

[3, 6, 7, 9, 10, 11, 12]
[-3, -1, -2, -1, -1, -1]
eq:0 hi:0 inc:0 dec:6
safe

[42, 41, 39, 37, 35, 33, 32]
[1, 2, 2, 2, 2, 1]
eq:0 hi:0 inc:6 dec:0
safe

[54, 56, 59, 61, 64, 67, 68, 71]
[-2, -3, -2, -3, -3, -1, -3]
eq:0 hi:0 inc:0 dec:7
safe

[28, 30, 32, 35, 37, 38, 39]
[-2, -2, -3, -2, -1, -1]
eq:0 hi:0 inc:0 dec:6
safe

[23, 21, 20, 19, 17]
[2, 1, 1, 2]
eq:0 hi:0 inc:4 dec:0
safe

[78, 77, 74, 71, 69, 68]
[1, 3, 3, 2, 1]
eq:0 hi:0 inc:5 dec:0
safe

[38, 36, 34, 33, 30, 27, 24]
[2, 2, 1, 3, 3, 3]
eq:0 hi:0 inc:6 dec:0
safe

[65, 68, 71, 73, 74, 76]
[-3, -3, -2, -1, -2]
eq:0 hi:0 inc:0 dec:5
safe

[41, 38, 37, 35, 32]
[3, 1, 2, 3]
eq:0 hi:0 inc:4 dec:0
safe

[53, 54, 55, 57, 58, 59, 62, 65]
[-1, -1, -2, -1, -1, -3, -3]
eq:0 hi:0 inc:0 dec:7
safe

[59, 62, 65, 67, 70, 71, 72]
[-3, -3, -2, -3, -1, -1]
eq:0 hi:0 inc:0 dec:6
safe

[70, 73, 74, 77, 80, 81, 83]
[-3, -1, -3, -3, -1, -2]
eq:0 hi:0 inc:0 dec:6
safe

[97, 96, 94, 91, 90, 89, 88]
[1, 2, 3, 1, 1, 1]
eq:0 hi:0 inc:6 dec:0
safe

[47, 44, 41, 38, 37, 36]
[3, 3, 3, 1, 1]
eq:0 hi:0 inc:5 dec:0
safe

[62, 61, 59, 56, 55]
[1, 2, 3, 1]
eq:0 hi:0 inc:4 dec:0
safe

[95, 92, 90, 89, 88, 87, 85]
[3, 2, 1, 1, 1, 2]
eq:0 hi:0 inc:6 dec:0
safe

[14, 11, 8, 7, 6, 3, 2, 1]
[3, 3, 1, 1, 3, 1, 1]
eq:0 hi:0 inc:7 dec:0
safe

[75, 78, 81, 84, 86, 88, 90]
[-3, -3, -3, -2, -2, -2]
eq:0 hi:0 inc:0 dec:6
safe

[37, 35, 33, 30, 29, 28, 26, 24]
[2, 2, 3, 1, 1, 2, 2]
eq:0 hi:0 inc:7 dec:0
safe

[75, 76, 79, 81, 84, 86, 88, 90]
[-1, -3, -2, -3, -2, -2, -2]
eq:0 hi:0 inc:0 dec:7
safe

[78, 76, 74, 72, 69, 66]
[2, 2, 2, 3, 3]
eq:0 hi:0 inc:5 dec:0
safe

[59, 57, 56, 55, 52, 51, 48]
[2, 1, 1, 3, 1, 3]
eq:0 hi:0 inc:6 dec:0
safe

[50, 53, 54, 56, 59]
[-3, -1, -2, -3]
eq:0 hi:0 inc:0 dec:4
safe

[45, 43, 40, 38, 37]
[2, 3, 2, 1]
eq:0 hi:0 inc:4 dec:0
safe

[12, 14, 16, 18, 21, 23, 26]
[-2, -2, -2, -3, -2, -3]
eq:0 hi:0 inc:0 dec:6
safe

[80, 81, 84, 87, 88, 91, 93]
[-1, -3, -3, -1, -3, -2]
eq:0 hi:0 inc:0 dec:6
safe

[59, 58, 56, 54, 53, 50]
[1, 2, 2, 1, 3]
eq:0 hi:0 inc:5 dec:0
safe

[16, 14, 13, 12, 9, 7, 5, 2]
[2, 1, 1, 3, 2, 2, 3]
eq:0 hi:0 inc:7 dec:0
safe

[18, 21, 24, 25, 26, 29]
[-3, -3, -1, -1, -3]
eq:0 hi:0 inc:0 dec:5
safe

[14, 16, 17, 19, 22, 23, 26]
[-2, -1, -2, -3, -1, -3]
eq:0 hi:0 inc:0 dec:6
safe

[92, 89, 86, 85, 82, 81]
[3, 3, 1, 3, 1]
eq:0 hi:0 inc:5 dec:0
safe

[60, 63, 66, 69, 71, 72, 74, 75]
[-3, -3, -3, -2, -1, -2, -1]
eq:0 hi:0 inc:0 dec:7
safe

[62, 64, 65, 68, 71, 74, 75, 78]
[-2, -1, -3, -3, -3, -1, -3]
eq:0 hi:0 inc:0 dec:7
safe

[48, 49, 51, 53, 55]
[-1, -2, -2, -2]
eq:0 hi:0 inc:0 dec:4
safe

[78, 75, 74, 72, 71]
[3, 1, 2, 1]
eq:0 hi:0 inc:4 dec:0
safe

[67, 68, 69, 70, 72, 73]
[-1, -1, -1, -2, -1]
eq:0 hi:0 inc:0 dec:5
safe

[21, 23, 24, 27, 29, 30, 32]
[-2, -1, -3, -2, -1, -2]
eq:0 hi:0 inc:0 dec:6
safe

[2, 5, 8, 10, 12, 14]
[-3, -3, -2, -2, -2]
eq:0 hi:0 inc:0 dec:5
safe

[30, 28, 25, 23, 21, 18, 15]
[2, 3, 2, 2, 3, 3]
eq:0 hi:0 inc:6 dec:0
safe

[66, 65, 64, 62, 59, 56]
[1, 1, 2, 3, 3]
eq:0 hi:0 inc:5 dec:0
safe

[48, 49, 52, 54, 55]
[-1, -3, -2, -1]
eq:0 hi:0 inc:0 dec:4
safe

[80, 83, 85, 86, 87, 89, 91]
[-3, -2, -1, -1, -2, -2]
eq:0 hi:0 inc:0 dec:6
safe

[52, 50, 48, 47, 44, 42, 40]
[2, 2, 1, 3, 2, 2]
eq:0 hi:0 inc:6 dec:0
safe

[54, 53, 50, 49, 47]
[1, 3, 1, 2]
eq:0 hi:0 inc:4 dec:0
safe

[86, 89, 91, 92, 95, 98]
[-3, -2, -1, -3, -3]
eq:0 hi:0 inc:0 dec:5
safe

[27, 30, 31, 33, 36]
[-3, -1, -2, -3]
eq:0 hi:0 inc:0 dec:4
safe

[32, 35, 38, 41, 43, 46, 49, 50]
[-3, -3, -3, -2, -3, -3, -1]
eq:0 hi:0 inc:0 dec:7
safe

[24, 23, 21, 20, 18, 16]
[1, 2, 1, 2, 2]
eq:0 hi:0 inc:5 dec:0
safe

[89, 86, 83, 80, 77, 76, 75, 74]
[3, 3, 3, 3, 1, 1, 1]
eq:0 hi:0 inc:7 dec:0
safe

[26, 29, 30, 31, 34, 35]
[-3, -1, -1, -3, -1]
eq:0 hi:0 inc:0 dec:5
safe

[45, 44, 41, 39, 37]
[1, 3, 2, 2]
eq:0 hi:0 inc:4 dec:0
safe

[32, 33, 36, 38, 40, 43, 45]
[-1, -3, -2, -2, -3, -2]
eq:0 hi:0 inc:0 dec:6
safe

[74, 76, 79, 82, 85]
[-2, -3, -3, -3]
eq:0 hi:0 inc:0 dec:4
safe

[16, 17, 20, 22, 25, 27, 28]
[-1, -3, -2, -3, -2, -1]
eq:0 hi:0 inc:0 dec:6
safe

[28, 30, 32, 33, 36, 37, 38, 39]
[-2, -2, -1, -3, -1, -1, -1]
eq:0 hi:0 inc:0 dec:7
safe

[76, 73, 71, 70, 67, 66, 64, 63]
[3, 2, 1, 3, 1, 2, 1]
eq:0 hi:0 inc:7 dec:0
safe

[16, 13, 12, 9, 6, 5]
[3, 1, 3, 3, 1]
eq:0 hi:0 inc:5 dec:0
safe

[27, 24, 22, 20, 19, 16, 14, 11]
[3, 2, 2, 1, 3, 2, 3]
eq:0 hi:0 inc:7 dec:0
safe

[24, 26, 27, 29, 31, 33]
[-2, -1, -2, -2, -2]
eq:0 hi:0 inc:0 dec:5
safe

[44, 47, 49, 50, 52, 54, 55, 58]
[-3, -2, -1, -2, -2, -1, -3]
eq:0 hi:0 inc:0 dec:7
safe

[29, 27, 25, 22, 20, 17, 16, 14]
[2, 2, 3, 2, 3, 1, 2]
eq:0 hi:0 inc:7 dec:0
safe

[31, 32, 34, 35, 36, 39, 41, 43]
[-1, -2, -1, -1, -3, -2, -2]
eq:0 hi:0 inc:0 dec:7
safe

[44, 41, 38, 35, 32, 29, 28]
[3, 3, 3, 3, 3, 1]
eq:0 hi:0 inc:6 dec:0
safe

[27, 29, 31, 33, 35, 36, 39]
[-2, -2, -2, -2, -1, -3]
eq:0 hi:0 inc:0 dec:6
safe

[89, 88, 85, 84, 83, 81, 78, 76]
[1, 3, 1, 1, 2, 3, 2]
eq:0 hi:0 inc:7 dec:0
safe

[70, 71, 72, 75, 76, 77, 80]
[-1, -1, -3, -1, -1, -3]
eq:0 hi:0 inc:0 dec:6
safe

[69, 67, 66, 63, 60, 57, 56]
[2, 1, 3, 3, 3, 1]
eq:0 hi:0 inc:6 dec:0
safe

[20, 22, 24, 26, 28, 30]
[-2, -2, -2, -2, -2]
eq:0 hi:0 inc:0 dec:5
safe

[86, 83, 81, 80, 77, 75, 72, 69]
[3, 2, 1, 3, 2, 3, 3]
eq:0 hi:0 inc:7 dec:0
safe

[18, 17, 14, 11, 9, 8, 5, 4]
[1, 3, 3, 2, 1, 3, 1]
eq:0 hi:0 inc:7 dec:0
safe

[53, 54, 56, 59, 60, 61, 63, 65]
[-1, -2, -3, -1, -1, -2, -2]
eq:0 hi:0 inc:0 dec:7
safe

[13, 16, 19, 20, 22, 23, 24, 25]
[-3, -3, -1, -2, -1, -1, -1]
eq:0 hi:0 inc:0 dec:7
safe

[42, 45, 47, 50, 51]
[-3, -2, -3, -1]
eq:0 hi:0 inc:0 dec:4
safe

[35, 32, 29, 27, 26]
[3, 3, 2, 1]
eq:0 hi:0 inc:4 dec:0
safe

[28, 29, 32, 35, 37, 39, 40, 43]
[-1, -3, -3, -2, -2, -1, -3]
eq:0 hi:0 inc:0 dec:7
safe

[82, 79, 77, 74, 72, 70, 69, 67]
[3, 2, 3, 2, 2, 1, 2]
eq:0 hi:0 inc:7 dec:0
safe

[66, 63, 60, 57, 54]
[3, 3, 3, 3]
eq:0 hi:0 inc:4 dec:0
safe

[20, 23, 26, 28, 30, 31, 34, 35]
[-3, -3, -2, -2, -1, -3, -1]
eq:0 hi:0 inc:0 dec:7
safe
323
